,0,1
0,configs/basic/synergysimple-xor-all/synergysimple-xor-0.yml,"[configuration(episode=0, buffer=[transition(observation=array([ 1.0000000e+00,  0.0000000e+00,  0.0000000e+00,  0.0000000e+00,
        0.0000000e+00,  0.0000000e+00,  0.0000000e+00,  9.7806960e-02,
        0.0000000e+00,  1.0000000e+00,  0.0000000e+00,  0.0000000e+00,
        0.0000000e+00,  0.0000000e+00,  0.0000000e+00,  1.0043912e-02,
        0.0000000e+00,  1.0000000e+00,  0.0000000e+00,  0.0000000e+00,
        0.0000000e+00,  0.0000000e+00,  0.0000000e+00,  1.0043605e-02,
        9.9679993e+01, -5.9693551e-04, -1.0882664e-01, -1.3369732e+00,
        1.9999971e+01,  5.4855447e+00,  1.9938608e+01], dtype=float32), activation=[array([[ 5.825306,  0.      , 16.734327,  0.      ,  0.      ,  5.882985,
         0.      , 19.139503,  7.466679,  5.848073]], dtype=float32), array([[ 0.      ,  9.50923 ,  0.      ,  0.      ,  0.      ,  8.181793,
         4.46989 ,  0.      ,  4.279081, 14.802014]], dtype=float32), array([[ 0.       ,  0.       , 17.643272 ,  5.5626144,  0.       ,
         0.       , 14.366187 ,  0.       ,  0.       ]], dtype=float32)], reward=-0.0023999999), transition(observation=array([ 0.0000000e+00,  1.0000000e+00,  0.0000000e+00,  0.0000000e+00,
        0.0000000e+00,  0.0000000e+00,  0.0000000e+00,  2.7393340e-04,
        0.0000000e+00,  1.0000000e+00,  0.0000000e+00,  0.0000000e+00,
        0.0000000e+00,  0.0000000e+00,  0.0000000e+00,  1.9181849e-03,
        0.0000000e+00,  1.0000000e+00,  0.0000000e+00,  0.0000000e+00,
        0.0000000e+00,  0.0000000e+00,  0.0000000e+00,  1.0043770e-02,
        9.9439987e+01,  1.4712553e-03, -9.1353059e-04, -2.5613744e+00,
        2.0000004e+01,  5.4850001e+00,  1.9809998e+01], dtype=float32), activation=[array([[ 6.404913,  0.      , 17.1794  ,  0.      ,  0.      ,  4.46836 ,
         0.      , 20.18238 ,  4.93403 ,  4.516873]], dtype=float32), array([[ 0.       ,  6.613953 ,  0.       ,  0.       ,  0.       ,
         4.056507 ,  7.2631254,  0.       ,  6.1699233, 14.432571 ]],
      dtype=float32), array([[ 0.        ,  0.        , 15.196251  ,  8.824408  ,  2.5346327 ,
         0.        , 11.611206  ,  0.16184112,  0.        ]],
      dtype=float32)], reward=-0.0023999999), transition(observation=array([ 0.0000000e+00,  1.0000000e+00,  0.0000000e+00,  0.0000000e+00,
        0.0000000e+00,  0.0000000e+00,  0.0000000e+00,  9.6164338e-02,
        0.0000000e+00,  1.0000000e+00,  0.0000000e+00,  0.0000000e+00,
        0.0000000e+00,  0.0000000e+00,  0.0000000e+00,  1.0090846e-02,
        0.0000000e+00,  1.0000000e+00,  0.0000000e+00,  0.0000000e+00,
        0.0000000e+00,  0.0000000e+00,  0.0000000e+00,  1.0107311e-02,
        9.9199982e+01, -3.3346143e-01, -4.4271350e-05, -3.7432647e+00,
        2.0001638e+01,  5.4849939e+00,  1.9608057e+01], dtype=float32), activation=[array([[ 7.921439 ,  0.       , 15.611558 ,  0.       ,  0.       ,
         1.0186725,  0.       , 20.217848 ,  3.9696198,  5.866797 ]],
      dtype=float32), array([[ 0.       ,  3.2520785,  0.       ,  0.       ,  0.       ,
         1.3719724, 13.509986 ,  0.       ,  1.1751559, 11.982321 ]],
      dtype=float32), array([[ 0.       ,  4.6632757, 10.570575 , 16.86516  ,  0.       ,
         7.906045 ,  0.5771731,  5.80805  ,  0.       ]], dtype=float32)], reward=-0.0023999999), transition(observation=array([ 0.0000000e+00,  1.0000000e+00,  0.0000000e+00,  0.0000000e+00,
        0.0000000e+00,  0.0000000e+00,  0.0000000e+00,  5.2470533e-04,
        0.0000000e+00,  1.0000000e+00,  0.0000000e+00,  0.0000000e+00,
        0.0000000e+00,  0.0000000e+00,  0.0000000e+00,  2.4685871e-03,
        0.0000000e+00,  1.0000000e+00,  0.0000000e+00,  0.0000000e+00,
        0.0000000e+00,  0.0000000e+00,  0.0000000e+00,  1.0337163e-02,
        9.8959976e+01, -7.5215650e-01, -1.9155189e-01, -4.9206896e+00,
        2.0013504e+01,  5.4811563e+00,  1.9335947e+01], dtype=float32), activation=[array([[ 8.007651,  0.      , 16.388218,  0.      ,  0.      ,  0.      ,
         0.      , 21.519129,  1.566958,  4.095568]], dtype=float32), array([[ 0.       ,  0.3923818,  0.       ,  0.       ,  0.       ,
         0.       , 15.2413   ,  0.       ,  4.0296597, 12.288454 ]],
      dtype=float32), array([[ 0.        ,  0.        , 10.350713  , 20.746141  ,  1.3663245 ,
        11.739984  ,  0.22744203, 10.233584  ,  0.        ]],
      dtype=float32)], reward=-0.0023999999), transition(observation=array([ 0.00000000e+00,  1.00000000e+00,  0.00000000e+00,  0.00000000e+00,
        0.00000000e+00,  0.00000000e+00,  0.00000000e+00,  1.49875507e-03,
        0.00000000e+00,  1.00000000e+00,  0.00000000e+00,  0.00000000e+00,
        0.00000000e+00,  0.00000000e+00,  0.00000000e+00,  7.04040518e-03,
        0.00000000e+00,  1.00000000e+00,  0.00000000e+00,  0.00000000e+00,
        0.00000000e+00,  0.00000000e+00,  0.00000000e+00,  1.04575725e-02,
        9.87199707e+01, -6.99290693e-01, -7.38885045e-01, -5.13266325e+00,
        2.00370598e+01,  5.44759274e+00,  1.90183105e+01], dtype=float32), activation=[array([[ 7.471075 ,  0.       , 16.80296  ,  0.       ,  0.       ,
         0.       ,  0.       , 23.471922 ,  0.       ,  1.8540109]],
      dtype=float32), array([[ 0.      ,  0.      ,  0.      ,  0.      ,  0.      ,  0.      ,
        14.932023,  0.      ,  7.286964, 13.930231]], dtype=float32), array([[ 0.       ,  0.       , 12.224174 , 21.185276 ,  5.100963 ,
        10.868764 ,  3.4626327, 11.439592 ,  0.       ]], dtype=float32)], reward=-0.0023999999), transition(observation=array([ 0.0000000e+00,  1.0000000e+00,  0.0000000e+00,  0.0000000e+00,
        0.0000000e+00,  0.0000000e+00,  0.0000000e+00,  2.4442177e-03,
        0.0000000e+00,  1.0000000e+00,  0.0000000e+00,  0.0000000e+00,
        0.0000000e+00,  0.0000000e+00,  0.0000000e+00,  9.8860301e-03,
        0.0000000e+00,  1.0000000e+00,  0.0000000e+00,  0.0000000e+00,
        0.0000000e+00,  0.0000000e+00,  0.0000000e+00,  1.0569530e-02,
        9.8479965e+01, -6.5014046e-01, -1.2477485e+00, -4.7719102e+00,
        2.0058962e+01,  5.3827405e+00,  1.8723000e+01], dtype=float32), activation=[array([[ 6.4112015 ,  0.        , 16.391516  ,  0.        ,  0.        ,
         0.        ,  0.        , 24.10481   ,  0.        ,  0.86120445]],
      dtype=float32), array([[ 0.      ,  0.      ,  0.      ,  0.      ,  0.      ,  0.      ,
        13.677419,  0.      ,  8.012983, 14.990803]], dtype=float32), array([[ 0.       ,  0.       , 13.303085 , 20.08315  ,  5.9385924,
         9.36819  ,  4.2342534, 11.170212 ,  0.       ]], dtype=float32)], reward=-0.0023999999), transition(observation=array([ 0.0000000e+00,  1.0000000e+00,  0.0000000e+00,  0.0000000e+00,
        0.0000000e+00,  0.0000000e+00,  0.0000000e+00,  2.4442177e-03,
        0.0000000e+00,  1.0000000e+00,  0.0000000e+00,  0.0000000e+00,
        0.0000000e+00,  0.0000000e+00,  0.0000000e+00,  9.8860301e-03,
        0.0000000e+00,  1.0000000e+00,  0.0000000e+00,  0.0000000e+00,
        0.0000000e+00,  0.0000000e+00,  0.0000000e+00,  1.0569530e-02,
        0.0000000e+00, -6.0444486e-01, -1.7208462e+00, -4.4365125e+00,
        2.0079325e+01,  5.2887983e+00,  1.8448444e+01], dtype=float32), activation=[array([[ 5.2370534,  0.       , 15.835771 ,  0.       ,  0.       ,
         0.       ,  0.       , 24.198147 ,  0.       ,  0.5320743]],
      dtype=float32), array([[ 0.        ,  0.        ,  0.        ,  0.        ,  0.32298657,
         0.        , 12.262045  ,  0.        ,  8.460246  , 15.615497  ]],
      dtype=float32), array([[ 0.       ,  0.       , 13.942547 , 18.93583  ,  6.2198954,
         7.7314463,  4.7396   , 10.729599 ,  0.       ]], dtype=float32)], reward=-1.0024)], success=False)]"
1,configs/basic/synergysimple-xor-all/synergysimple-xor-1.yml,"[configuration(episode=0, buffer=[transition(observation=array([ 0.0000000e+00,  1.0000000e+00,  0.0000000e+00,  0.0000000e+00,
        0.0000000e+00,  0.0000000e+00,  0.0000000e+00,  9.6198462e-02,
        0.0000000e+00,  1.0000000e+00,  0.0000000e+00,  0.0000000e+00,
        0.0000000e+00,  0.0000000e+00,  0.0000000e+00,  1.0049522e-02,
        0.0000000e+00,  0.0000000e+00,  1.0000000e+00,  0.0000000e+00,
        0.0000000e+00,  0.0000000e+00,  0.0000000e+00,  1.0075108e-02,
        9.9679993e+01,  1.4974346e-03, -1.0938561e-01, -1.1651368e-02,
        1.9998787e+01,  5.4869289e+00,  2.0001795e+01], dtype=float32), activation=[array([[ 3.6686978,  0.       , 21.407019 ,  0.       ,  0.       ,
         8.613699 ,  0.       , 17.415926 ,  5.3227196,  6.508635 ]],
      dtype=float32), array([[ 0.      , 14.511557,  0.      ,  0.      ,  0.      ,  8.813033,
         0.      ,  0.      , 13.958575, 15.373354]], dtype=float32), array([[ 7.6545205,  0.       , 20.165092 ,  0.       ,  9.838062 ,
         0.       , 32.322784 ,  0.       ,  0.       ]], dtype=float32)], reward=-0.0023999999), transition(observation=array([ 0.0000000e+00,  1.0000000e+00,  0.0000000e+00,  0.0000000e+00,
        0.0000000e+00,  0.0000000e+00,  0.0000000e+00,  9.6608371e-02,
        0.0000000e+00,  1.0000000e+00,  0.0000000e+00,  0.0000000e+00,
        0.0000000e+00,  0.0000000e+00,  0.0000000e+00,  1.0065051e-02,
        0.0000000e+00,  0.0000000e+00,  1.0000000e+00,  0.0000000e+00,
        0.0000000e+00,  0.0000000e+00,  0.0000000e+00,  1.0051969e-02,
        9.9439987e+01,  2.9714197e-02, -4.1203201e-03, -1.3304081e+00,
        1.9994255e+01,  5.4855437e+00,  1.9948679e+01], dtype=float32), activation=[array([[ 4.8499765,  0.       , 19.571339 ,  0.       ,  0.       ,
         6.6220064,  0.       , 16.271307 ,  6.620204 ,  9.112245 ]],
      dtype=float32), array([[ 0.       , 14.202385 ,  0.       ,  0.       ,  0.       ,
        10.071158 ,  2.5791113,  0.       ,  7.427576 , 13.062083 ]],
      dtype=float32), array([[ 0.       ,  0.       , 17.790218 ,  0.       ,  2.4115076,
         0.       , 24.739056 ,  0.       ,  0.986313 ]], dtype=float32)], reward=-0.0023999999), transition(observation=array([ 0.0000000e+00,  1.0000000e+00,  0.0000000e+00,  0.0000000e+00,
        0.0000000e+00,  0.0000000e+00,  0.0000000e+00,  9.7239092e-02,
        0.0000000e+00,  1.0000000e+00,  0.0000000e+00,  0.0000000e+00,
        0.0000000e+00,  0.0000000e+00,  0.0000000e+00,  3.3125961e-03,
        0.0000000e+00,  0.0000000e+00,  1.0000000e+00,  0.0000000e+00,
        0.0000000e+00,  0.0000000e+00,  0.0000000e+00,  9.9863261e-03,
        9.9199982e+01,  2.2598147e-02, -1.3967946e-02, -2.6211948e+00,
        1.9981215e+01,  5.4856791e+00,  1.9817911e+01], dtype=float32), activation=[array([[ 5.4904833,  0.       , 20.004957 ,  0.       ,  0.       ,
         5.2672687,  0.       , 17.225876 ,  4.1312375,  7.8834386]],
      dtype=float32), array([[ 0.       , 11.502189 ,  0.       ,  0.       ,  0.       ,
         6.088919 ,  5.3577952,  0.       ,  9.246305 , 12.616416 ]],
      dtype=float32), array([[ 0.       ,  0.       , 15.348424 ,  2.5220418,  5.0381684,
         0.       , 22.18451  ,  0.       ,  0.       ]], dtype=float32)], reward=-0.0023999999), transition(observation=array([ 0.0000000e+00,  1.0000000e+00,  0.0000000e+00,  0.0000000e+00,
        0.0000000e+00,  0.0000000e+00,  0.0000000e+00,  9.8265611e-02,
        0.0000000e+00,  1.0000000e+00,  0.0000000e+00,  0.0000000e+00,
        0.0000000e+00,  0.0000000e+00,  0.0000000e+00,  3.3874479e-03,
        0.0000000e+00,  0.0000000e+00,  1.0000000e+00,  0.0000000e+00,
        0.0000000e+00,  0.0000000e+00,  0.0000000e+00,  9.8878918e-03,
        9.8959976e+01,  1.2806356e-02, -1.3684243e-02, -3.8155804e+00,
        1.9959757e+01,  5.4857688e+00,  1.9614149e+01], dtype=float32), activation=[array([[ 5.845454,  0.      , 20.379417,  0.      ,  0.      ,  3.866837,
         0.      , 18.32484 ,  1.636456,  6.464649]], dtype=float32), array([[ 0.       ,  8.463502 ,  0.       ,  0.       ,  0.       ,
         1.9361292,  7.8649344,  0.       , 11.229105 , 12.413321 ]],
      dtype=float32), array([[ 0.       ,  0.       , 13.054393 ,  5.63316  ,  7.956119 ,
         0.       , 19.371937 ,  3.5375807,  0.       ]], dtype=float32)], reward=-0.0023999999), transition(observation=array([ 1.0000000e+00,  0.0000000e+00,  0.0000000e+00,  0.0000000e+00,
        0.0000000e+00,  0.0000000e+00,  0.0000000e+00,  1.0009906e-01,
        0.0000000e+00,  1.0000000e+00,  0.0000000e+00,  0.0000000e+00,
        0.0000000e+00,  0.0000000e+00,  0.0000000e+00,  1.0262664e-02,
        0.0000000e+00,  0.0000000e+00,  1.0000000e+00,  0.0000000e+00,
        0.0000000e+00,  0.0000000e+00,  0.0000000e+00,  9.7523546e-03,
        9.8719971e+01, -2.0715135e-01, -1.4616907e-02, -1.4850031e+00,
        1.9943645e+01,  5.4858236e+00,  1.9480188e+01], dtype=float32), activation=[array([[ 6.155881,  0.      , 20.743366,  0.      ,  0.      ,  2.577928,
         0.      , 19.314997,  0.      ,  5.177604]], dtype=float32), array([[ 0.       ,  5.710929 ,  0.       ,  0.       ,  0.       ,
         0.       , 10.0742445,  0.       , 12.315522 , 12.365831 ]],
      dtype=float32), array([[ 0.      ,  0.      , 11.963213,  9.553326,  9.820772,  0.      ,
        16.721611,  8.233776,  0.      ]], dtype=float32)], reward=-0.0023999999), transition(observation=array([ 0.0000000e+00,  1.0000000e+00,  0.0000000e+00,  0.0000000e+00,
        0.0000000e+00,  0.0000000e+00,  0.0000000e+00,  1.9859674e-04,
        0.0000000e+00,  1.0000000e+00,  0.0000000e+00,  0.0000000e+00,
        0.0000000e+00,  0.0000000e+00,  0.0000000e+00,  1.0322222e-02,
        0.0000000e+00,  0.0000000e+00,  1.0000000e+00,  0.0000000e+00,
        0.0000000e+00,  0.0000000e+00,  0.0000000e+00,  9.6917218e-03,
        9.8479965e+01, -1.9110207e-01, -4.9848285e-01, -3.0545263e+00,
        1.9931591e+01,  5.4673533e+00,  1.9328869e+01], dtype=float32), activation=[array([[ 4.0176735,  0.       , 22.067993 ,  0.       ,  0.       ,
         6.8039885,  0.       , 18.4932   ,  2.4634356,  4.801611 ]],
      dtype=float32), array([[ 0.       , 10.833034 ,  0.       ,  0.       ,  0.       ,
         4.042904 ,  1.9214962,  0.       , 16.245596 , 15.000206 ]],
      dtype=float32), array([[ 0.      ,  0.      , 17.456642,  0.      , 13.379577,  0.      ,
        29.063076,  0.      ,  0.      ]], dtype=float32)], reward=-0.0023999999), transition(observation=array([ 0.0000000e+00,  1.0000000e+00,  0.0000000e+00,  0.0000000e+00,
        0.0000000e+00,  0.0000000e+00,  0.0000000e+00,  1.2688692e-04,
        0.0000000e+00,  1.0000000e+00,  0.0000000e+00,  0.0000000e+00,
        0.0000000e+00,  0.0000000e+00,  0.0000000e+00,  1.2047432e-03,
        0.0000000e+00,  0.0000000e+00,  1.0000000e+00,  0.0000000e+00,
        0.0000000e+00,  0.0000000e+00,  0.0000000e+00,  9.6812705e-03,
        9.8239960e+01, -3.5492608e-01, -1.0242431e+00, -1.0955387e+00,
        1.9919041e+01,  5.4162436e+00,  1.9223366e+01], dtype=float32), activation=[array([[ 4.572004 ,  0.       , 20.09741  ,  0.       ,  0.       ,
         2.8025398,  0.       , 19.524855 ,  0.5716343,  4.8574767]],
      dtype=float32), array([[ 0.      ,  5.105559,  0.      ,  0.      ,  0.      ,  0.      ,
         7.858357,  0.      , 12.528806, 13.463552]], dtype=float32), array([[ 0.       ,  0.       , 13.038807 ,  7.983664 , 10.352448 ,
         0.       , 16.330225 ,  7.5444164,  0.       ]], dtype=float32)], reward=-0.0023999999), transition(observation=array([ 0.0000000e+00,  1.0000000e+00,  0.0000000e+00,  0.0000000e+00,
        0.0000000e+00,  0.0000000e+00,  0.0000000e+00,  2.7642064e-04,
        0.0000000e+00,  1.0000000e+00,  0.0000000e+00,  0.0000000e+00,
        0.0000000e+00,  0.0000000e+00,  0.0000000e+00,  2.6267082e-03,
        0.0000000e+00,  0.0000000e+00,  1.0000000e+00,  0.0000000e+00,
        0.0000000e+00,  0.0000000e+00,  0.0000000e+00,  9.6487524e-03,
        9.7999954e+01, -3.2997978e-01, -1.5130498e+00, -2.7335117e+00,
        1.9912636e+01,  5.3350782e+00,  1.9090185e+01], dtype=float32), activation=[array([[ 2.7081304,  0.       , 19.186464 ,  0.       ,  0.       ,
         4.5353384,  0.       , 18.575167 ,  4.0766296,  5.844785 ]],
      dtype=float32), array([[ 0.       ,  7.6829305,  0.       ,  0.       ,  0.       ,
         4.2150617,  3.0143125,  0.       , 10.438284 , 14.848661 ]],
      dtype=float32), array([[ 0.       ,  0.       , 16.478733 ,  3.1022282,  7.549975 ,
         0.       , 18.52283  ,  0.       ,  0.       ]], dtype=float32)], reward=-0.0023999999), transition(observation=array([ 0.0000000e+00,  1.0000000e+00,  0.0000000e+00,  0.0000000e+00,
        0.0000000e+00,  0.0000000e+00,  0.0000000e+00,  6.7325257e-04,
        0.0000000e+00,  1.0000000e+00,  0.0000000e+00,  0.0000000e+00,
        0.0000000e+00,  0.0000000e+00,  0.0000000e+00,  3.1653540e-03,
        0.0000000e+00,  0.0000000e+00,  1.0000000e+00,  0.0000000e+00,
        0.0000000e+00,  0.0000000e+00,  0.0000000e+00,  9.7969845e-03,
        9.7759949e+01, -5.7075399e-01, -1.9675004e+00, -2.4953942e+00,
        1.9910210e+01,  5.2259698e+00,  1.8932804e+01], dtype=float32), activation=[array([[ 2.3476   ,  0.       , 19.23515  ,  0.       ,  0.       ,
         2.6597152,  0.       , 20.52541  ,  0.7270384,  3.3263   ]],
      dtype=float32), array([[ 0.       ,  2.6544943,  0.       ,  0.       ,  0.       ,
         0.       ,  5.393544 ,  0.       , 13.525654 , 15.361154 ]],
      dtype=float32), array([[ 0.       ,  0.       , 14.882357 ,  8.1420555, 12.312423 ,
         0.       , 14.794989 ,  7.7462482,  0.       ]], dtype=float32)], reward=-0.0023999999), transition(observation=array([ 0.0000000e+00,  1.0000000e+00,  0.0000000e+00,  0.0000000e+00,
        0.0000000e+00,  0.0000000e+00,  0.0000000e+00,  1.1968275e-03,
        0.0000000e+00,  1.0000000e+00,  0.0000000e+00,  0.0000000e+00,
        0.0000000e+00,  0.0000000e+00,  0.0000000e+00,  3.6824548e-03,
        0.0000000e+00,  0.0000000e+00,  1.0000000e+00,  0.0000000e+00,
        0.0000000e+00,  0.0000000e+00,  0.0000000e+00,  1.0063289e-02,
        9.7519943e+01, -7.7023816e-01, -2.3900094e+00, -2.2518275e+00,
        1.9907953e+01,  5.0908828e+00,  1.8786488e+01], dtype=float32), activation=[array([[ 1.1485635 ,  0.        , 18.969378  ,  0.        ,  0.        ,
         2.4768128 ,  0.        , 21.151531  ,  0.95819855,  2.4578803 ]],
      dtype=float32), array([[ 0.       ,  1.1923543,  0.       ,  0.       ,  0.       ,
         0.       ,  4.2046084,  0.       , 13.944245 , 16.463383 ]],
      dtype=float32), array([[ 0.       ,  0.       , 15.917304 ,  8.54933  , 13.251303 ,
         0.       , 13.633439 ,  7.9513855,  0.       ]], dtype=float32)], reward=-0.0023999999), transition(observation=array([ 0.0000000e+00,  1.0000000e+00,  0.0000000e+00,  0.0000000e+00,
        0.0000000e+00,  0.0000000e+00,  0.0000000e+00,  1.9288216e-03,
        0.0000000e+00,  1.0000000e+00,  0.0000000e+00,  0.0000000e+00,
        0.0000000e+00,  0.0000000e+00,  0.0000000e+00,  4.3316763e-03,
        0.0000000e+00,  0.0000000e+00,  1.0000000e+00,  0.0000000e+00,
        0.0000000e+00,  0.0000000e+00,  0.0000000e+00,  1.0464073e-02,
        9.7279938e+01, -9.3101537e-01, -2.7828221e+00, -2.0072343e+00,
        1.9905857e+01,  4.9316425e+00,  1.8650455e+01], dtype=float32), activation=[array([[ 0.05632984,  0.        , 18.690271  ,  0.        ,  0.        ,
         2.369732  ,  0.        , 21.682386  ,  1.2291746 ,  1.7071747 ]],
      dtype=float32), array([[ 0.       ,  0.       ,  0.       ,  0.       ,  0.       ,
         0.       ,  3.0351334,  0.       , 14.27631  , 17.465073 ]],
      dtype=float32), array([[ 0.      ,  0.      , 16.858875,  8.689201, 14.013623,  0.      ,
        12.671592,  8.028481,  0.      ]], dtype=float32)], reward=-0.0023999999), transition(observation=array([ 0.00000000e+00,  1.00000000e+00,  0.00000000e+00,  0.00000000e+00,
        0.00000000e+00,  0.00000000e+00,  0.00000000e+00,  2.76440172e-03,
        0.00000000e+00,  1.00000000e+00,  0.00000000e+00,  0.00000000e+00,
        0.00000000e+00,  0.00000000e+00,  0.00000000e+00,  4.78758104e-03,
        0.00000000e+00,  0.00000000e+00,  1.00000000e+00,  0.00000000e+00,
        0.00000000e+00,  0.00000000e+00,  0.00000000e+00,  1.10259615e-02,
        9.70399323e+01, -1.05590343e+00, -3.14802551e+00, -1.76545322e+00,
        1.99039078e+01,  4.74994707e+00,  1.85239830e+01], dtype=float32), activation=[array([[ 0.       ,  0.       , 18.399809 ,  0.       ,  0.       ,
         2.3293445,  0.       , 22.127695 ,  1.5293217,  1.0620512]],
      dtype=float32), array([[ 0.       ,  0.       ,  0.       ,  0.       ,  0.       ,
         0.       ,  2.9676614,  0.       , 13.955711 , 17.930574 ]],
      dtype=float32), array([[ 0.       ,  0.       , 17.218163 ,  8.769516 , 13.587185 ,
         0.       , 12.155441 ,  7.9595776,  0.       ]], dtype=float32)], reward=-0.0023999999), transition(observation=array([ 0.0000000e+00,  1.0000000e+00,  0.0000000e+00,  0.0000000e+00,
        0.0000000e+00,  0.0000000e+00,  0.0000000e+00,  3.6853647e-03,
        0.0000000e+00,  1.0000000e+00,  0.0000000e+00,  0.0000000e+00,
        0.0000000e+00,  0.0000000e+00,  0.0000000e+00,  5.0719795e-03,
        0.0000000e+00,  0.0000000e+00,  1.0000000e+00,  0.0000000e+00,
        0.0000000e+00,  0.0000000e+00,  0.0000000e+00,  1.1790532e-02,
        9.6799927e+01, -1.1478804e+00, -3.4875603e+00, -1.5297607e+00,
        1.9902094e+01,  4.5473738e+00,  1.8406401e+01], dtype=float32), activation=[array([[ 0.        ,  0.        , 18.10003   ,  0.        ,  0.        ,
         2.346648  ,  0.        , 22.49705   ,  1.8494873 ,  0.51092654]],
      dtype=float32), array([[ 0.      ,  0.      ,  0.      ,  0.      ,  0.      ,  0.      ,
         2.887479,  0.      , 13.595422, 18.32602 ]], dtype=float32), array([[ 0.       ,  0.       , 17.512316 ,  8.814905 , 13.125003 ,
         0.       , 11.610418 ,  7.8625364,  0.       ]], dtype=float32)], reward=-0.0023999999), transition(observation=array([ 0.0000000e+00,  1.0000000e+00,  0.0000000e+00,  0.0000000e+00,
        0.0000000e+00,  0.0000000e+00,  0.0000000e+00,  4.7469311e-03,
        0.0000000e+00,  1.0000000e+00,  0.0000000e+00,  0.0000000e+00,
        0.0000000e+00,  0.0000000e+00,  0.0000000e+00,  5.2715107e-03,
        0.0000000e+00,  0.0000000e+00,  1.0000000e+00,  0.0000000e+00,
        0.0000000e+00,  0.0000000e+00,  0.0000000e+00,  1.2822907e-02,
        9.6559921e+01, -1.2100195e+00, -3.8032305e+00, -1.3028958e+00,
        1.9900410e+01,  4.3253913e+00,  1.8297081e+01], dtype=float32), activation=[array([[ 0.        ,  0.        , 17.793028  ,  0.        ,  0.        ,
         2.4132037 ,  0.        , 22.79959   ,  2.1814585 ,  0.04270585]],
      dtype=float32), array([[ 0.       ,  0.       ,  0.       ,  0.       ,  0.       ,
         0.       ,  2.7417352,  0.       , 13.236586 , 18.681461 ]],
      dtype=float32), array([[ 0.      ,  0.      , 17.77567 ,  8.774019, 12.676555,  0.      ,
        11.086112,  7.727247,  0.      ]], dtype=float32)], reward=-0.0023999999), transition(observation=array([ 0.0000000e+00,  1.0000000e+00,  0.0000000e+00,  0.0000000e+00,
        0.0000000e+00,  0.0000000e+00,  0.0000000e+00,  4.7469311e-03,
        0.0000000e+00,  1.0000000e+00,  0.0000000e+00,  0.0000000e+00,
        0.0000000e+00,  0.0000000e+00,  0.0000000e+00,  5.2715107e-03,
        0.0000000e+00,  0.0000000e+00,  1.0000000e+00,  0.0000000e+00,
        0.0000000e+00,  0.0000000e+00,  0.0000000e+00,  1.2822907e-02,
        1.0000000e+02, -4.0174288e-01, -1.1031318e-01, -2.4911913e-01,
        1.9897638e+01,  4.1572337e+00,  1.8219412e+01], dtype=float32), activation=[array([[ 0.      ,  0.      , 17.481003,  0.      ,  0.      ,  2.521211,
         0.      , 23.043882,  2.518042,  0.      ]], dtype=float32), array([[ 0.       ,  0.       ,  0.       ,  0.       ,  0.       ,
         0.       ,  2.5905044,  0.       , 12.760279 , 18.946426 ]],
      dtype=float32), array([[ 0.       ,  0.       , 17.945105 ,  8.702471 , 12.103781 ,
         0.       , 10.440812 ,  7.5408916,  0.       ]], dtype=float32)], reward=3.9936001)], success=True)]"
2,configs/basic/synergysimple-xor-all/synergysimple-xor-2.yml,"[configuration(episode=0, buffer=[transition(observation=array([ 0.0000000e+00,  1.0000000e+00,  0.0000000e+00,  0.0000000e+00,
        0.0000000e+00,  0.0000000e+00,  0.0000000e+00,  9.6149199e-02,
        0.0000000e+00,  0.0000000e+00,  1.0000000e+00,  0.0000000e+00,
        0.0000000e+00,  0.0000000e+00,  0.0000000e+00,  1.0084311e-02,
        0.0000000e+00,  1.0000000e+00,  0.0000000e+00,  0.0000000e+00,
        0.0000000e+00,  0.0000000e+00,  0.0000000e+00,  1.0105720e-02,
        9.9679993e+01, -9.3061328e-02, -1.0882658e-01, -1.3330342e+00,
        2.0001322e+01,  5.4855447e+00,  1.9938644e+01], dtype=float32), activation=[array([[ 9.9827175,  0.       , 16.175531 ,  0.       ,  0.       ,
         2.4090104,  0.       , 20.693893 ,  6.6261883,  5.9367895]],
      dtype=float32), array([[ 0.4454093,  5.638964 ,  0.       ,  0.       ,  0.       ,
         5.087998 , 13.979216 ,  0.       ,  0.       , 12.459125 ]],
      dtype=float32), array([[ 0.       , 10.62407  , 12.613256 , 17.592157 ,  0.       ,
         5.9450035,  3.1429145,  0.228538 ,  0.       ]], dtype=float32)], reward=-0.0023999999), transition(observation=array([ 0.0000000e+00,  1.0000000e+00,  0.0000000e+00,  0.0000000e+00,
        0.0000000e+00,  0.0000000e+00,  0.0000000e+00,  1.9315332e-04,
        0.0000000e+00,  1.0000000e+00,  0.0000000e+00,  0.0000000e+00,
        0.0000000e+00,  0.0000000e+00,  0.0000000e+00,  5.4733484e-04,
        0.0000000e+00,  1.0000000e+00,  0.0000000e+00,  0.0000000e+00,
        0.0000000e+00,  0.0000000e+00,  0.0000000e+00,  1.0328176e-02,
        9.9439987e+01, -2.7880582e-01, -9.1031194e-04, -2.5410380e+00,
        2.0011745e+01,  5.4850001e+00,  1.9810675e+01], dtype=float32), activation=[array([[11.520393,  0.      , 14.829072,  0.      ,  0.      ,  0.      ,
         0.      , 20.859377,  5.368169,  6.984134]], dtype=float32), array([[ 2.8090281,  3.3583832,  0.       ,  0.       ,  0.       ,
         2.5328286, 18.989143 ,  0.       ,  0.       , 10.452663 ]],
      dtype=float32), array([[ 0.      , 14.615465,  8.169728, 23.610186,  0.      , 10.339636,
         0.      ,  4.521555,  0.      ]], dtype=float32)], reward=-0.0023999999), transition(observation=array([ 0.0000000e+00,  1.0000000e+00,  0.0000000e+00,  0.0000000e+00,
        0.0000000e+00,  0.0000000e+00,  0.0000000e+00,  3.3157088e-02,
        0.0000000e+00,  0.0000000e+00,  1.0000000e+00,  0.0000000e+00,
        0.0000000e+00,  0.0000000e+00,  0.0000000e+00,  1.0338646e-02,
        0.0000000e+00,  1.0000000e+00,  0.0000000e+00,  0.0000000e+00,
        0.0000000e+00,  0.0000000e+00,  0.0000000e+00,  1.0773422e-02,
        9.9199982e+01, -5.6561929e-01, -5.9694052e-05, -3.7006693e+00,
        2.0040476e+01,  5.4849944e+00,  1.9611479e+01], dtype=float32), activation=[array([[ 7.660987 ,  0.       , 15.841119 ,  0.       ,  0.       ,
         0.6695795,  0.       , 20.616863 ,  3.9616113,  5.4401603]],
      dtype=float32), array([[ 0.       ,  2.3526063,  0.       ,  0.       ,  0.       ,
         0.9356941, 13.684787 ,  0.       ,  1.3083928, 12.343742 ]],
      dtype=float32), array([[ 0.       ,  3.604472 , 10.63969  , 17.775215 ,  0.       ,
         8.914504 ,  0.       ,  6.8201866,  0.       ]], dtype=float32)], reward=-0.0023999999), transition(observation=array([ 0.0000000e+00,  1.0000000e+00,  0.0000000e+00,  0.0000000e+00,
        0.0000000e+00,  0.0000000e+00,  0.0000000e+00,  5.0618825e-04,
        0.0000000e+00,  1.0000000e+00,  0.0000000e+00,  0.0000000e+00,
        0.0000000e+00,  0.0000000e+00,  0.0000000e+00,  1.1368685e-03,
        0.0000000e+00,  1.0000000e+00,  0.0000000e+00,  0.0000000e+00,
        0.0000000e+00,  0.0000000e+00,  0.0000000e+00,  1.1518822e-02,
        9.8959976e+01, -9.5162261e-01, -1.9156231e-01, -4.8609920e+00,
        2.0095842e+01,  5.4811568e+00,  1.9346121e+01], dtype=float32), activation=[array([[11.87613   ,  0.        , 15.92122   ,  0.        ,  0.        ,
         0.        ,  0.        , 23.481493  ,  0.81579304,  3.8366435 ]],
      dtype=float32), array([[ 3.280418  ,  0.37318003,  0.        ,  0.        ,  0.        ,
         0.        , 20.122633  ,  0.        ,  2.2979949 , 11.66453   ]],
      dtype=float32), array([[ 0.      ,  8.0864  ,  7.855966, 26.610407,  3.529157, 13.065715,
         0.      ,  9.639702,  0.      ]], dtype=float32)], reward=-0.0023999999), transition(observation=array([ 0.00000000e+00,  1.00000000e+00,  0.00000000e+00,  0.00000000e+00,
        0.00000000e+00,  0.00000000e+00,  0.00000000e+00,  1.60420057e-03,
        0.00000000e+00,  1.00000000e+00,  0.00000000e+00,  0.00000000e+00,
        0.00000000e+00,  0.00000000e+00,  0.00000000e+00,  3.60309309e-03,
        0.00000000e+00,  1.00000000e+00,  0.00000000e+00,  0.00000000e+00,
        0.00000000e+00,  0.00000000e+00,  0.00000000e+00,  1.19932955e-02,
        9.87199707e+01, -8.84737253e-01, -7.38894761e-01, -5.64870739e+00,
        2.01825333e+01,  5.44759274e+00,  1.90176582e+01], dtype=float32), activation=[array([[ 7.2359953,  0.       , 16.968363 ,  0.       ,  0.       ,
         0.       ,  0.       , 23.698019 ,  0.       ,  1.586758 ]],
      dtype=float32), array([[ 0.       ,  0.       ,  0.       ,  0.       ,  0.       ,
         0.       , 14.682271 ,  0.       ,  7.6500335, 14.253447 ]],
      dtype=float32), array([[ 0.       ,  0.       , 12.565836 , 20.993841 ,  5.507376 ,
        10.502401 ,  3.8577814, 11.468131 ,  0.       ]], dtype=float32)], reward=-0.0023999999), transition(observation=array([ 0.00000000e+00,  1.00000000e+00,  0.00000000e+00,  0.00000000e+00,
        0.00000000e+00,  0.00000000e+00,  0.00000000e+00,  2.71152775e-03,
        0.00000000e+00,  1.00000000e+00,  0.00000000e+00,  0.00000000e+00,
        0.00000000e+00,  0.00000000e+00,  0.00000000e+00,  6.09018095e-03,
        0.00000000e+00,  1.00000000e+00,  0.00000000e+00,  0.00000000e+00,
        0.00000000e+00,  0.00000000e+00,  0.00000000e+00,  1.24592725e-02,
        9.84799652e+01, -8.22552443e-01, -1.24775755e+00, -5.25168371e+00,
        2.02676716e+01,  5.38274002e+00,  1.87020931e+01], dtype=float32), activation=[array([[ 6.354924,  0.      , 16.736568,  0.      ,  0.      ,  0.      ,
         0.      , 24.80599 ,  0.      ,  0.      ]], dtype=float32), array([[ 0.        ,  0.        ,  0.        ,  0.        ,  0.31147066,
         0.        , 13.661433  ,  0.        ,  8.614111  , 15.666634  ]],
      dtype=float32), array([[ 0.       ,  0.       , 13.936307 , 20.510675 ,  6.2571397,
         9.017139 ,  4.7462335, 11.491224 ,  0.       ]], dtype=float32)], reward=-0.0023999999), transition(observation=array([ 0.0000000e+00,  1.0000000e+00,  0.0000000e+00,  0.0000000e+00,
        0.0000000e+00,  0.0000000e+00,  0.0000000e+00,  3.8020678e-03,
        0.0000000e+00,  1.0000000e+00,  0.0000000e+00,  0.0000000e+00,
        0.0000000e+00,  0.0000000e+00,  0.0000000e+00,  8.5395640e-03,
        0.0000000e+00,  1.0000000e+00,  0.0000000e+00,  0.0000000e+00,
        0.0000000e+00,  0.0000000e+00,  0.0000000e+00,  1.2892481e-02,
        9.8239960e+01, -7.6473868e-01, -1.7208545e+00, -4.8825650e+00,
        2.0346823e+01,  5.2887974e+00,  1.8408705e+01], dtype=float32), activation=[array([[ 5.1381426,  0.       , 16.177286 ,  0.       ,  0.       ,
         0.       ,  0.       , 24.825323 ,  0.       ,  0.       ]],
      dtype=float32), array([[ 0.       ,  0.       ,  0.       ,  0.       ,  0.8449465,
         0.       , 12.227138 ,  0.       ,  8.967443 , 16.209263 ]],
      dtype=float32), array([[ 0.       ,  0.       , 14.470905 , 19.49079  ,  6.2427363,
         7.325989 ,  5.1220007, 11.036928 ,  0.       ]], dtype=float32)], reward=-0.0023999999), transition(observation=array([ 0.0000000e+00,  1.0000000e+00,  0.0000000e+00,  0.0000000e+00,
        0.0000000e+00,  0.0000000e+00,  0.0000000e+00,  4.9213762e-03,
        0.0000000e+00,  0.0000000e+00,  1.0000000e+00,  0.0000000e+00,
        0.0000000e+00,  0.0000000e+00,  0.0000000e+00,  8.6615346e-03,
        0.0000000e+00,  1.0000000e+00,  0.0000000e+00,  0.0000000e+00,
        0.0000000e+00,  0.0000000e+00,  0.0000000e+00,  1.3295250e-02,
        9.7999954e+01, -7.1098852e-01, -2.1606994e+00, -4.5393896e+00,
        2.0420412e+01,  5.1678100e+00,  1.8135939e+01], dtype=float32), activation=[array([[ 4.015697,  0.      , 15.65195 ,  0.      ,  0.      ,  0.      ,
         0.      , 24.848711,  0.      ,  0.      ]], dtype=float32), array([[ 0.       ,  0.       ,  0.       ,  0.       ,  1.3462735,
         0.       , 10.904555 ,  0.       ,  9.286776 , 16.712933 ]],
      dtype=float32), array([[ 0.       ,  0.       , 14.964817 , 18.559237 ,  6.2125945,
         5.7646036,  5.457884 , 10.618084 ,  0.       ]], dtype=float32)], reward=-0.0023999999), transition(observation=array([ 0.0000000e+00,  1.0000000e+00,  0.0000000e+00,  0.0000000e+00,
        0.0000000e+00,  0.0000000e+00,  0.0000000e+00,  6.4634657e-03,
        0.0000000e+00,  0.0000000e+00,  1.0000000e+00,  0.0000000e+00,
        0.0000000e+00,  0.0000000e+00,  0.0000000e+00,  8.7419786e-03,
        0.0000000e+00,  1.0000000e+00,  0.0000000e+00,  0.0000000e+00,
        0.0000000e+00,  0.0000000e+00,  0.0000000e+00,  1.4419789e-02,
        9.7759949e+01, -1.0985415e+00, -2.5696292e+00, -4.1281195e+00,
        2.0488829e+01,  5.0216784e+00,  1.7882343e+01], dtype=float32), activation=[array([[ 7.1381598,  0.       , 14.600465 ,  0.       ,  0.       ,
         0.       ,  0.       , 26.429546 ,  0.       ,  0.       ]],
      dtype=float32), array([[4.1809464e-01, 0.0000000e+00, 0.0000000e+00, 0.0000000e+00,
        2.4934433e+00, 0.0000000e+00, 1.4754873e+01, 4.9745999e-03,
        6.6387730e+00, 1.6256182e+01]], dtype=float32), array([[ 0.       ,  0.       , 13.69661  , 23.829216 ,  2.288169 ,
         9.253498 ,  1.6759634, 11.575696 ,  0.       ]], dtype=float32)], reward=-0.0023999999), transition(observation=array([ 0.0000000e+00,  1.0000000e+00,  0.0000000e+00,  0.0000000e+00,
        0.0000000e+00,  0.0000000e+00,  0.0000000e+00,  7.8169154e-03,
        0.0000000e+00,  0.0000000e+00,  1.0000000e+00,  0.0000000e+00,
        0.0000000e+00,  0.0000000e+00,  0.0000000e+00,  8.3753048e-03,
        0.0000000e+00,  1.0000000e+00,  0.0000000e+00,  0.0000000e+00,
        0.0000000e+00,  0.0000000e+00,  0.0000000e+00,  1.4787023e-02,
        9.7519943e+01, -1.0213295e+00, -2.9498172e+00, -3.8379719e+00,
        2.0552435e+01,  4.8521705e+00,  1.7646572e+01], dtype=float32), activation=[array([[ 5.7663817,  0.       , 14.47336  ,  0.       ,  0.       ,
         0.       ,  0.       , 27.032242 ,  0.       ,  0.       ]],
      dtype=float32), array([[ 0.       ,  0.       ,  0.       ,  0.       ,  3.0470798,
         0.       , 13.292047 ,  0.6847112,  7.410128 , 17.314648 ]],
      dtype=float32), array([[ 0.       ,  0.       , 15.11335  , 23.004263 ,  1.7080729,
         8.229255 ,  2.9884527, 11.131091 ,  0.       ]], dtype=float32)], reward=-0.0023999999), transition(observation=array([ 0.0000000e+00,  1.0000000e+00,  0.0000000e+00,  0.0000000e+00,
        0.0000000e+00,  0.0000000e+00,  0.0000000e+00,  9.0824589e-03,
        0.0000000e+00,  0.0000000e+00,  1.0000000e+00,  0.0000000e+00,
        0.0000000e+00,  0.0000000e+00,  0.0000000e+00,  8.0343895e-03,
        0.0000000e+00,  1.0000000e+00,  0.0000000e+00,  0.0000000e+00,
        0.0000000e+00,  0.0000000e+00,  0.0000000e+00,  1.5128448e-02,
        9.7279938e+01, -9.4954443e-01, -3.3032832e+00, -3.5682168e+00,
        2.0611572e+01,  4.6609282e+00,  1.7427374e+01], dtype=float32), activation=[array([[ 4.9183755,  0.       , 14.014357 ,  0.       ,  0.       ,
         0.       ,  0.       , 27.024542 ,  0.       ,  0.       ]],
      dtype=float32), array([[ 0.       ,  0.       ,  0.       ,  0.       ,  3.4551892,
         0.       , 12.283399 ,  1.159296 ,  7.606402 , 17.672388 ]],
      dtype=float32), array([[ 0.       ,  0.       , 15.593779 , 22.396116 ,  1.3419855,
         7.3107767,  3.6204505, 10.455087 ,  0.       ]], dtype=float32)], reward=-0.0023999999), transition(observation=array([ 0.00000000e+00,  1.00000000e+00,  0.00000000e+00,  0.00000000e+00,
        0.00000000e+00,  0.00000000e+00,  0.00000000e+00,  1.02590555e-02,
        0.00000000e+00,  0.00000000e+00,  1.00000000e+00,  0.00000000e+00,
        0.00000000e+00,  0.00000000e+00,  0.00000000e+00,  7.71743758e-03,
        0.00000000e+00,  0.00000000e+00,  0.00000000e+00,  1.00000000e+00,
        0.00000000e+00,  0.00000000e+00,  0.00000000e+00,  1.43512979e-03,
        9.70399323e+01, -8.82804930e-01, -3.63190556e+00, -3.31742167e+00,
        2.06665535e+01,  4.44948006e+00,  1.72235813e+01], dtype=float32), activation=[array([[ 4.138731,  0.      , 13.582231,  0.      ,  0.      ,  0.      ,
         0.      , 27.02285 ,  0.      ,  0.      ]], dtype=float32), array([[ 0.       ,  0.       ,  0.       ,  0.       ,  3.8400126,
         0.       , 11.356493 ,  1.6025184,  7.7797356, 18.004225 ]],
      dtype=float32), array([[ 0.        ,  0.        , 16.03795   , 21.847738  ,  0.98372906,
         6.468794  ,  4.1963778 ,  9.828672  ,  0.        ]],
      dtype=float32)], reward=-0.0023999999), transition(observation=array([ 0.00000000e+00,  1.00000000e+00,  0.00000000e+00,  0.00000000e+00,
        0.00000000e+00,  0.00000000e+00,  0.00000000e+00,  1.02590555e-02,
        0.00000000e+00,  0.00000000e+00,  1.00000000e+00,  0.00000000e+00,
        0.00000000e+00,  0.00000000e+00,  0.00000000e+00,  7.71743758e-03,
        0.00000000e+00,  0.00000000e+00,  0.00000000e+00,  1.00000000e+00,
        0.00000000e+00,  0.00000000e+00,  0.00000000e+00,  1.43512979e-03,
        1.00000000e+02, -2.49086440e-01, -6.89647198e-02, -2.47003770e+00,
        2.07066536e+01,  4.37768650e+00,  1.71135006e+01], dtype=float32), activation=[array([[ 3.2269564,  0.       , 14.813049 ,  0.       ,  0.       ,
         0.       ,  0.       , 26.176638 ,  0.       ,  0.       ]],
      dtype=float32), array([[ 0.       ,  0.       ,  0.       ,  0.       ,  2.6823368,
         0.       , 10.214902 ,  0.9664566,  9.204811 , 17.944378 ]],
      dtype=float32), array([[ 0.       ,  0.       , 16.184479 , 19.438848 ,  4.2214284,
         5.073682 ,  5.7519584,  9.940329 ,  0.       ]], dtype=float32)], reward=3.9944)], success=True)]"
3,configs/basic/synergysimple-xor-all/synergysimple-xor-3.yml,"[configuration(episode=0, buffer=[transition(observation=array([ 1.0000000e+00,  0.0000000e+00,  0.0000000e+00,  0.0000000e+00,
        0.0000000e+00,  0.0000000e+00,  0.0000000e+00,  9.7806960e-02,
        0.0000000e+00,  0.0000000e+00,  1.0000000e+00,  0.0000000e+00,
        0.0000000e+00,  0.0000000e+00,  0.0000000e+00,  1.0026468e-02,
        0.0000000e+00,  0.0000000e+00,  1.0000000e+00,  0.0000000e+00,
        0.0000000e+00,  0.0000000e+00,  0.0000000e+00,  1.0035558e-02,
        9.9679993e+01, -5.9691328e-04, -1.0882664e-01, -1.3369732e+00,
        1.9999971e+01,  5.4855447e+00,  1.9938608e+01], dtype=float32), activation=[array([[ 7.826109 ,  0.       , 20.848223 ,  0.       ,  0.       ,
         5.139723 ,  0.       , 18.970318 ,  4.4822254,  6.597351 ]],
      dtype=float32), array([[ 0.      , 10.641289,  0.      ,  0.      ,  0.      ,  5.719232,
         8.402369,  0.      ,  8.363588, 13.030463]], dtype=float32), array([[ 0.       ,  0.       , 15.207829 ,  6.7110224,  3.905407 ,
         0.       , 19.532862 ,  0.       ,  0.       ]], dtype=float32)], reward=-0.0023999999), transition(observation=array([ 0.0000000e+00,  1.0000000e+00,  0.0000000e+00,  0.0000000e+00,
        0.0000000e+00,  0.0000000e+00,  0.0000000e+00,  2.7393072e-04,
        0.0000000e+00,  1.0000000e+00,  0.0000000e+00,  0.0000000e+00,
        0.0000000e+00,  0.0000000e+00,  0.0000000e+00,  1.9183311e-03,
        0.0000000e+00,  0.0000000e+00,  1.0000000e+00,  0.0000000e+00,
        0.0000000e+00,  0.0000000e+00,  0.0000000e+00,  1.0034966e-02,
        9.9439987e+01,  1.4712851e-03, -9.1353059e-04, -2.5613744e+00,
        2.0000004e+01,  5.4850001e+00,  1.9809998e+01], dtype=float32), activation=[array([[ 8.405718 ,  0.       , 21.2933   ,  0.       ,  0.       ,
         3.7250915,  0.       , 20.013193 ,  1.9495497,  5.266138 ]],
      dtype=float32), array([[ 0.       ,  7.7459993,  0.       ,  0.       ,  0.       ,
         1.5939101, 11.195615 ,  0.       , 10.254463 , 12.661014 ]],
      dtype=float32), array([[ 0.       ,  0.       , 12.760784 ,  9.972815 ,  6.6628637,
         0.       , 16.777891 ,  5.6198783,  0.       ]], dtype=float32)], reward=-0.0023999999), transition(observation=array([ 1.0000000e+00,  0.0000000e+00,  0.0000000e+00,  0.0000000e+00,
        0.0000000e+00,  0.0000000e+00,  0.0000000e+00,  9.9459924e-02,
        0.0000000e+00,  0.0000000e+00,  1.0000000e+00,  0.0000000e+00,
        0.0000000e+00,  0.0000000e+00,  0.0000000e+00,  1.0025021e-02,
        0.0000000e+00,  0.0000000e+00,  1.0000000e+00,  0.0000000e+00,
        0.0000000e+00,  0.0000000e+00,  0.0000000e+00,  1.0034678e-02,
        9.9199982e+01,  1.2943550e-03, -4.4226646e-05, -3.7593732e+00,
        2.0000076e+01,  5.4849939e+00,  1.9608015e+01], dtype=float32), activation=[array([[ 5.7648296,  0.       , 20.284262 ,  0.       ,  0.       ,
         3.7493825,  0.       , 18.494265 ,  1.8256397,  6.5273495]],
      dtype=float32), array([[ 0.       ,  8.254398 ,  0.       ,  0.       ,  0.       ,
         2.0031893,  7.93314  ,  0.       , 10.854681 , 12.553653 ]],
      dtype=float32), array([[ 0.       ,  0.       , 13.150034 ,  6.0085874,  7.5647025,
         0.       , 18.670616 ,  3.474399 ,  0.       ]], dtype=float32)], reward=-0.0023999999), transition(observation=array([ 0.0000000e+00,  1.0000000e+00,  0.0000000e+00,  0.0000000e+00,
        0.0000000e+00,  0.0000000e+00,  0.0000000e+00,  5.1694107e-04,
        0.0000000e+00,  0.0000000e+00,  1.0000000e+00,  0.0000000e+00,
        0.0000000e+00,  0.0000000e+00,  0.0000000e+00,  1.0024580e-02,
        0.0000000e+00,  0.0000000e+00,  1.0000000e+00,  0.0000000e+00,
        0.0000000e+00,  0.0000000e+00,  0.0000000e+00,  1.0034373e-02,
        9.8959976e+01,  1.2715046e-03, -1.9154075e-01, -4.9885473e+00,
        2.0000143e+01,  5.4811568e+00,  1.9335220e+01], dtype=float32), activation=[array([[ 9.269917 ,  0.       , 22.098753 ,  0.       ,  0.       ,
         1.1718702,  0.       , 21.872038 ,  0.       ,  2.840092 ]],
      dtype=float32), array([[ 0.       ,  2.5532389,  0.       ,  0.       ,  0.       ,
         0.       , 15.705985 ,  0.       , 10.787481 , 12.655327 ]],
      dtype=float32), array([[ 0.      ,  0.      , 11.633535, 19.075617,  8.435489,  8.132175,
        10.739446, 11.804808,  0.      ]], dtype=float32)], reward=-0.0023999999), transition(observation=array([ 0.0000000e+00,  1.0000000e+00,  0.0000000e+00,  0.0000000e+00,
        0.0000000e+00,  0.0000000e+00,  0.0000000e+00,  1.4750661e-03,
        0.0000000e+00,  0.0000000e+00,  1.0000000e+00,  0.0000000e+00,
        0.0000000e+00,  0.0000000e+00,  0.0000000e+00,  1.0024082e-02,
        0.0000000e+00,  0.0000000e+00,  1.0000000e+00,  0.0000000e+00,
        0.0000000e+00,  0.0000000e+00,  0.0000000e+00,  1.0033970e-02,
        9.8719971e+01,  1.1821359e-03, -7.3887473e-01, -5.1957517e+00,
        2.0000216e+01,  5.4475937e+00,  1.9015747e+01], dtype=float32), activation=[array([[10.168096,  0.      , 20.30581 ,  0.      ,  0.      ,  0.      ,
         0.      , 22.238804,  0.      ,  3.732158]], dtype=float32), array([[ 0.       ,  1.3744532,  0.       ,  0.       ,  0.       ,
         0.       , 18.278309 ,  0.       ,  7.432601 , 11.794233 ]],
      dtype=float32), array([[ 0.       ,  0.       , 10.264166 , 22.946062 ,  4.7560434,
        12.780361 ,  5.2466884, 12.391874 ,  0.       ]], dtype=float32)], reward=-0.0023999999), transition(observation=array([ 0.0000000e+00,  1.0000000e+00,  0.0000000e+00,  0.0000000e+00,
        0.0000000e+00,  0.0000000e+00,  0.0000000e+00,  2.3939386e-03,
        0.0000000e+00,  0.0000000e+00,  1.0000000e+00,  0.0000000e+00,
        0.0000000e+00,  0.0000000e+00,  0.0000000e+00,  1.0023610e-02,
        0.0000000e+00,  0.0000000e+00,  1.0000000e+00,  0.0000000e+00,
        0.0000000e+00,  0.0000000e+00,  0.0000000e+00,  1.0033605e-02,
        9.8479965e+01,  1.0990485e-03, -1.2477390e+00, -4.8305640e+00,
        2.0000284e+01,  5.3827415e+00,  1.8718727e+01], dtype=float32), activation=[array([[ 9.070533,  0.      , 19.933891,  0.      ,  0.      ,  0.      ,
         0.      , 22.951296,  0.      ,  2.664675]], dtype=float32), array([[ 0.      ,  0.      ,  0.      ,  0.      ,  0.      ,  0.      ,
        16.989092,  0.      ,  8.238333, 12.94282 ]], dtype=float32), array([[ 0.       ,  0.       , 11.400185 , 23.157782 ,  6.1214776,
        12.710071 ,  4.6583753, 12.639212 ,  0.       ]], dtype=float32)], reward=-0.0023999999), transition(observation=array([ 0.0000000e+00,  1.0000000e+00,  0.0000000e+00,  0.0000000e+00,
        0.0000000e+00,  0.0000000e+00,  0.0000000e+00,  2.3939386e-03,
        0.0000000e+00,  0.0000000e+00,  1.0000000e+00,  0.0000000e+00,
        0.0000000e+00,  0.0000000e+00,  0.0000000e+00,  1.0023610e-02,
        0.0000000e+00,  0.0000000e+00,  1.0000000e+00,  0.0000000e+00,
        0.0000000e+00,  0.0000000e+00,  0.0000000e+00,  1.0033605e-02,
        0.0000000e+00,  1.0218010e-03, -1.7208372e+00, -4.4910440e+00,
        2.0000347e+01,  5.2887998e+00,  1.8442585e+01], dtype=float32), activation=[array([[ 7.8614845,  0.       , 19.414234 ,  0.       ,  0.       ,
         0.       ,  0.       , 23.119059 ,  0.       ,  2.265772 ]],
      dtype=float32), array([[ 0.      ,  0.      ,  0.      ,  0.      ,  0.      ,  0.      ,
        15.541696,  0.      ,  8.75928 , 13.649567]], dtype=float32), array([[ 0.       ,  0.       , 12.156173 , 21.734838 ,  6.7866473,
        11.121744 ,  5.2943296, 12.1610985,  0.       ]], dtype=float32)], reward=-1.0024)], success=False)]"
4,configs/basic/synergysimple-xor-all3/synergysimple-xor-0.yml,"[configuration(episode=0, buffer=[transition(observation=array([ 0.0000000e+00,  1.0000000e+00,  0.0000000e+00,  0.0000000e+00,
        0.0000000e+00,  0.0000000e+00,  0.0000000e+00,  8.9695603e-02,
        0.0000000e+00,  1.0000000e+00,  0.0000000e+00,  0.0000000e+00,
        0.0000000e+00,  0.0000000e+00,  0.0000000e+00,  1.0043607e-02,
        0.0000000e+00,  1.0000000e+00,  0.0000000e+00,  0.0000000e+00,
        0.0000000e+00,  0.0000000e+00,  0.0000000e+00,  1.0043914e-02,
        9.9679993e+01,  6.0563191e-04, -1.0886812e-01,  1.3369986e+00,
        2.0000032e+01,  5.4855409e+00,  2.0061396e+01], dtype=float32), activation=[array([[ 6.86234  ,  0.       , 14.858055 ,  0.       ,  0.       ,
         3.8710306,  0.       , 18.1372   ,  8.753833 ,  8.36851  ]],
      dtype=float32), array([[ 0.      ,  9.010982,  0.      ,  0.      ,  0.      ,  9.319402,
         8.031569,  0.      ,  0.      , 12.658228]], dtype=float32), array([[ 0.       ,  9.796468 , 15.607113 , 10.2053795,  0.       ,
         0.       ,  9.165212 ,  0.       ,  1.4520675]], dtype=float32)], reward=-0.0023999999), transition(observation=array([ 0.0000000e+00,  1.0000000e+00,  0.0000000e+00,  0.0000000e+00,
        0.0000000e+00,  0.0000000e+00,  0.0000000e+00,  8.9052543e-02,
        0.0000000e+00,  1.0000000e+00,  0.0000000e+00,  0.0000000e+00,
        0.0000000e+00,  0.0000000e+00,  0.0000000e+00,  1.0043800e-02,
        0.0000000e+00,  1.0000000e+00,  0.0000000e+00,  0.0000000e+00,
        0.0000000e+00,  0.0000000e+00,  0.0000000e+00,  5.8724149e-04,
        9.9439987e+01, -1.5973316e-03, -7.6276064e-04,  2.5612869e+00,
        1.9999992e+01,  5.4849958e+00,  2.0190008e+01], dtype=float32), activation=[array([[ 6.5504246,  0.       , 14.472407 ,  0.       ,  0.       ,
         5.3269653,  0.       , 16.812326 , 11.361189 ,  9.8850355]],
      dtype=float32), array([[ 0.      , 12.288048,  0.      ,  0.      ,  0.      , 13.743017,
         5.457449,  0.      ,  0.      , 12.712085]], dtype=float32), array([[ 0.       , 12.171231 , 18.201237 ,  6.8413305,  0.       ,
         0.       , 14.862291 ,  0.       ,  7.5194144]], dtype=float32)], reward=-0.0023999999), transition(observation=array([ 0.0000000e+00,  1.0000000e+00,  0.0000000e+00,  0.0000000e+00,
        0.0000000e+00,  0.0000000e+00,  0.0000000e+00,  8.8042565e-02,
        0.0000000e+00,  1.0000000e+00,  0.0000000e+00,  0.0000000e+00,
        0.0000000e+00,  0.0000000e+00,  0.0000000e+00,  1.0044200e-02,
        0.0000000e+00,  1.0000000e+00,  0.0000000e+00,  0.0000000e+00,
        0.0000000e+00,  0.0000000e+00,  0.0000000e+00,  1.0043314e-02,
        9.9199982e+01, -1.4783443e-03, -3.1143427e-05,  3.7593708e+00,
        1.9999912e+01,  5.4849920e+00,  2.0391989e+01], dtype=float32), activation=[array([[ 6.3465033,  0.       , 14.12851  ,  0.       ,  0.       ,
         6.6540823,  0.       , 15.576944 , 13.767323 , 11.307352 ]],
      dtype=float32), array([[ 0.      , 15.338847,  0.      ,  0.      ,  0.      , 17.83676 ,
         3.200421,  0.      ,  0.      , 12.704965]], dtype=float32), array([[ 0.       , 14.514508 , 20.546808 ,  3.8335018,  0.       ,
         0.       , 20.153418 ,  0.       , 13.055186 ]], dtype=float32)], reward=-0.0023999999), transition(observation=array([ 0.0000000e+00,  1.0000000e+00,  0.0000000e+00,  0.0000000e+00,
        0.0000000e+00,  0.0000000e+00,  0.0000000e+00,  8.7862775e-02,
        0.0000000e+00,  1.0000000e+00,  0.0000000e+00,  0.0000000e+00,
        0.0000000e+00,  0.0000000e+00,  0.0000000e+00,  1.1074804e-03,
        0.0000000e+00,  1.0000000e+00,  0.0000000e+00,  0.0000000e+00,
        0.0000000e+00,  0.0000000e+00,  0.0000000e+00,  1.0090757e-02,
        9.8959976e+01, -2.0763609e-01,  5.4508448e-05,  1.4316555e+00,
        1.9998346e+01,  5.4849849e+00,  2.0524221e+01], dtype=float32), activation=[array([[ 5.9864097,  0.       , 13.699729 ,  0.       ,  0.       ,
         7.9074345,  0.       , 14.501764 , 16.05851  , 12.508559 ]],
      dtype=float32), array([[ 0.        , 18.014639  ,  0.        ,  0.        ,  0.        ,
        21.617764  ,  0.86599064,  0.        ,  0.        , 12.858697  ]],
      dtype=float32), array([[ 7.551084, 16.301651, 22.860859,  0.961901,  0.      ,  0.      ,
        24.879238,  0.      , 18.309225]], dtype=float32)], reward=-0.0023999999), transition(observation=array([ 0.0000000e+00,  1.0000000e+00,  0.0000000e+00,  0.0000000e+00,
        0.0000000e+00,  0.0000000e+00,  0.0000000e+00,  8.7112792e-02,
        0.0000000e+00,  1.0000000e+00,  0.0000000e+00,  0.0000000e+00,
        0.0000000e+00,  0.0000000e+00,  0.0000000e+00,  1.8802537e-03,
        0.0000000e+00,  1.0000000e+00,  0.0000000e+00,  0.0000000e+00,
        0.0000000e+00,  0.0000000e+00,  0.0000000e+00,  1.0110669e-02,
        9.8719971e+01, -1.8955931e-01, -4.9293330e-01,  3.0098906e+00,
        2.0002306e+01,  5.4665446e+00,  2.0673401e+01], dtype=float32), activation=[array([[ 6.660577 ,  0.       , 14.518307 ,  0.       ,  0.       ,
         5.0942016,  0.       , 16.879494 , 11.548431 ,  9.612627 ]],
      dtype=float32), array([[ 0.       , 11.834388 ,  0.       ,  0.       ,  0.       ,
        13.751731 ,  5.8309236,  0.       ,  0.       , 12.712723 ]],
      dtype=float32), array([[ 0.      , 12.226845, 18.176533,  7.704938,  0.      ,  0.      ,
        14.344663,  0.      ,  7.217944]], dtype=float32)], reward=-0.0023999999), transition(observation=array([ 0.0000000e+00,  1.0000000e+00,  0.0000000e+00,  0.0000000e+00,
        0.0000000e+00,  0.0000000e+00,  0.0000000e+00,  8.5959546e-02,
        0.0000000e+00,  1.0000000e+00,  0.0000000e+00,  0.0000000e+00,
        0.0000000e+00,  0.0000000e+00,  0.0000000e+00,  7.1469038e-03,
        0.0000000e+00,  1.0000000e+00,  0.0000000e+00,  0.0000000e+00,
        0.0000000e+00,  0.0000000e+00,  0.0000000e+00,  1.0177094e-02,
        9.8479965e+01, -1.7623597e-01, -1.0190835e+00,  3.9277122e+00,
        2.0015518e+01,  5.4157524e+00,  2.0902782e+01], dtype=float32), activation=[array([[ 5.247058 ,  0.       , 13.555992 ,  0.       ,  0.       ,
         6.6298685,  0.       , 16.01303  , 14.365008 , 10.473825 ]],
      dtype=float32), array([[ 0.       , 14.136976 ,  0.       ,  0.       ,  0.       ,
        17.897272 ,  1.8294275,  0.       ,  0.       , 13.734869 ]],
      dtype=float32), array([[ 0.5457726, 12.156828 , 21.50864  ,  3.812314 ,  0.       ,
         0.       , 18.812696 ,  0.       , 13.821655 ]], dtype=float32)], reward=-0.0023999999), transition(observation=array([ 0.00000000e+00,  1.00000000e+00,  0.00000000e+00,  0.00000000e+00,
        0.00000000e+00,  0.00000000e+00,  0.00000000e+00,  4.74680290e-02,
        0.00000000e+00,  1.00000000e+00,  0.00000000e+00,  0.00000000e+00,
        0.00000000e+00,  0.00000000e+00,  0.00000000e+00,  6.42765593e-03,
        0.00000000e+00,  1.00000000e+00,  0.00000000e+00,  0.00000000e+00,
        0.00000000e+00,  0.00000000e+00,  0.00000000e+00,  1.04162125e-02,
        9.82399597e+01, -5.44653893e-01, -1.50825298e+00,  3.61451888e+00,
        2.00289688e+01,  5.33488226e+00,  2.11271362e+01], dtype=float32), activation=[array([[ 4.0425653,  0.       , 12.752867 ,  0.       ,  0.       ,
         7.4323306,  0.       , 15.812695 , 15.908395 , 10.540589 ]],
      dtype=float32), array([[ 0.      , 14.775743,  0.      ,  0.      ,  0.      , 19.849417,
         0.      ,  0.      ,  0.      , 14.715381]], dtype=float32), array([[ 6.8000674, 11.629651 , 23.494087 ,  2.6276412,  0.       ,
         0.       , 20.30845  ,  0.       , 16.778212 ]], dtype=float32)], reward=-0.0023999999), transition(observation=array([ 0.0000000e+00,  1.0000000e+00,  0.0000000e+00,  0.0000000e+00,
        0.0000000e+00,  0.0000000e+00,  0.0000000e+00,  4.7196928e-02,
        0.0000000e+00,  1.0000000e+00,  0.0000000e+00,  0.0000000e+00,
        0.0000000e+00,  0.0000000e+00,  0.0000000e+00,  9.4130840e-03,
        0.0000000e+00,  1.0000000e+00,  0.0000000e+00,  0.0000000e+00,
        0.0000000e+00,  0.0000000e+00,  0.0000000e+00,  1.0480218e-02,
        9.7999954e+01, -5.0637245e-01, -1.9630408e+00,  3.3604696e+00,
        2.0041475e+01,  5.2260485e+00,  2.1335722e+01], dtype=float32), activation=[array([[ 2.9818974,  0.       , 12.612963 ,  0.       ,  0.       ,
         6.352056 ,  0.       , 17.313421 , 15.068398 ,  8.724116 ]],
      dtype=float32), array([[ 0.      , 11.237343,  0.      ,  0.      ,  0.      , 17.196196,
         0.      ,  0.      ,  0.      , 15.963449]], dtype=float32), array([[ 3.2023978,  7.3160048, 23.083977 ,  4.8299127,  0.       ,
         0.       , 15.089031 ,  0.       , 13.90344  ]], dtype=float32)], reward=-0.0023999999), transition(observation=array([ 0.0000000e+00,  1.0000000e+00,  0.0000000e+00,  0.0000000e+00,
        0.0000000e+00,  0.0000000e+00,  0.0000000e+00,  4.6882574e-02,
        0.0000000e+00,  1.0000000e+00,  0.0000000e+00,  0.0000000e+00,
        0.0000000e+00,  0.0000000e+00,  0.0000000e+00,  9.8874904e-03,
        0.0000000e+00,  1.0000000e+00,  0.0000000e+00,  0.0000000e+00,
        0.0000000e+00,  0.0000000e+00,  0.0000000e+00,  1.0544976e-02,
        9.7759949e+01, -4.7078168e-01, -2.3858631e+00,  3.1242762e+00,
        2.0053101e+01,  5.0912161e+00,  2.1529646e+01], dtype=float32), activation=[array([[ 2.356328 ,  0.       , 12.202876 ,  0.       ,  0.       ,
         5.9637012,  0.       , 18.050205 , 14.413429 ,  7.685253 ]],
      dtype=float32), array([[ 0.      ,  9.453321,  0.      ,  0.      ,  0.      , 15.59298 ,
         0.      ,  0.      ,  0.      , 16.615667]], dtype=float32), array([[ 1.2325258,  4.967538 , 22.7566   ,  5.7866864,  0.       ,
         0.       , 12.333558 ,  0.       , 12.214858 ]], dtype=float32)], reward=-0.0023999999), transition(observation=array([ 0.0000000e+00,  1.0000000e+00,  0.0000000e+00,  0.0000000e+00,
        0.0000000e+00,  0.0000000e+00,  0.0000000e+00,  4.6620127e-02,
        0.0000000e+00,  1.0000000e+00,  0.0000000e+00,  0.0000000e+00,
        0.0000000e+00,  0.0000000e+00,  0.0000000e+00,  9.8306565e-03,
        0.0000000e+00,  1.0000000e+00,  0.0000000e+00,  0.0000000e+00,
        0.0000000e+00,  0.0000000e+00,  0.0000000e+00,  1.0601941e-02,
        9.7519943e+01, -4.3769240e-01, -2.7789669e+00,  2.9046838e+00,
        2.0063910e+01,  4.9322133e+00,  2.1709940e+01], dtype=float32), activation=[array([[ 1.7831775,  0.       , 11.817173 ,  0.       ,  0.       ,
         5.6092167,  0.       , 18.740133 , 13.81472  ,  6.7139354]],
      dtype=float32), array([[ 0.      ,  7.798736,  0.      ,  0.      ,  0.      , 14.113504,
         0.      ,  0.      ,  0.      , 17.226562]], dtype=float32), array([[ 0.       ,  2.7904737, 22.462057 ,  6.6804147,  0.       ,
         0.       ,  9.779672 ,  0.       , 10.654522 ]], dtype=float32)], reward=-0.0023999999), transition(observation=array([ 0.0000000e+00,  1.0000000e+00,  0.0000000e+00,  0.0000000e+00,
        0.0000000e+00,  0.0000000e+00,  0.0000000e+00,  4.6379838e-02,
        0.0000000e+00,  1.0000000e+00,  0.0000000e+00,  0.0000000e+00,
        0.0000000e+00,  0.0000000e+00,  0.0000000e+00,  9.7792950e-03,
        0.0000000e+00,  1.0000000e+00,  0.0000000e+00,  0.0000000e+00,
        0.0000000e+00,  0.0000000e+00,  0.0000000e+00,  1.0655856e-02,
        9.7279938e+01, -4.0692884e-01, -3.1444414e+00,  2.7005260e+00,
        2.0073959e+01,  4.7507381e+00,  2.1877562e+01], dtype=float32), activation=[array([[ 1.2590324,  0.       , 11.453449 ,  0.       ,  0.       ,
         5.2861366,  0.       , 19.386858 , 13.26753  ,  5.805005 ]],
      dtype=float32), array([[ 0.       ,  6.2638383,  0.       ,  0.       ,  0.       ,
        12.74781  ,  0.       ,  0.       ,  0.       , 17.798965 ]],
      dtype=float32), array([[ 0.       ,  0.7716802, 22.197296 ,  7.5153704,  0.       ,
         0.       ,  7.411985 ,  0.       ,  9.212247 ]], dtype=float32)], reward=-0.0023999999), transition(observation=array([ 0.00000000e+00,  1.00000000e+00,  0.00000000e+00,  0.00000000e+00,
        0.00000000e+00,  0.00000000e+00,  0.00000000e+00,  4.61586937e-02,
        0.00000000e+00,  1.00000000e+00,  0.00000000e+00,  0.00000000e+00,
        0.00000000e+00,  0.00000000e+00,  0.00000000e+00,  9.73241124e-03,
        0.00000000e+00,  1.00000000e+00,  0.00000000e+00,  0.00000000e+00,
        0.00000000e+00,  0.00000000e+00,  0.00000000e+00,  1.07038915e-02,
        9.70399323e+01, -3.78327549e-01, -3.48422813e+00,  2.51071715e+00,
        2.00833015e+01,  4.54837036e+00,  2.20334015e+01], dtype=float32), activation=[array([[ 0.78048146,  0.        , 11.1098995 ,  0.        ,  0.        ,
         4.992136  ,  0.        , 19.993597  , 12.768049  ,  4.9539433 ]],
      dtype=float32), array([[ 0.      ,  4.839843,  0.      ,  0.      ,  0.      , 11.487481,
         0.      ,  0.      ,  0.      , 18.335604]], dtype=float32), array([[ 0.       ,  0.       , 21.960014 ,  8.295799 ,  0.       ,
         0.       ,  5.2168264,  0.       ,  7.8793235]], dtype=float32)], reward=-0.0023999999), transition(observation=array([ 0.0000000e+00,  1.0000000e+00,  0.0000000e+00,  0.0000000e+00,
        0.0000000e+00,  0.0000000e+00,  0.0000000e+00,  4.5954105e-02,
        0.0000000e+00,  1.0000000e+00,  0.0000000e+00,  0.0000000e+00,
        0.0000000e+00,  0.0000000e+00,  0.0000000e+00,  9.6892556e-03,
        0.0000000e+00,  1.0000000e+00,  0.0000000e+00,  0.0000000e+00,
        0.0000000e+00,  0.0000000e+00,  0.0000000e+00,  1.0748176e-02,
        9.6799927e+01, -3.5173643e-01, -3.8001328e+00,  2.3342493e+00,
        2.0091988e+01,  4.3265781e+00,  2.2178288e+01], dtype=float32), activation=[array([[ 0.34431803,  0.        , 10.785104  ,  0.        ,  0.        ,
         4.725168  ,  0.        , 20.56317   , 12.312925  ,  4.1566863 ]],
      dtype=float32), array([[ 0.      ,  3.51895 ,  0.      ,  0.      ,  0.      , 10.325103,
         0.      ,  0.      ,  0.      , 18.839   ]], dtype=float32), array([[ 0.       ,  0.       , 21.748283 ,  9.025536 ,  0.       ,
         0.       ,  3.1820598,  0.       ,  6.6480565]], dtype=float32)], reward=-0.0023999999), transition(observation=array([ 0.0000000e+00,  1.0000000e+00,  0.0000000e+00,  0.0000000e+00,
        0.0000000e+00,  0.0000000e+00,  0.0000000e+00,  4.5954105e-02,
        0.0000000e+00,  1.0000000e+00,  0.0000000e+00,  0.0000000e+00,
        0.0000000e+00,  0.0000000e+00,  0.0000000e+00,  9.6892556e-03,
        0.0000000e+00,  1.0000000e+00,  0.0000000e+00,  0.0000000e+00,
        0.0000000e+00,  0.0000000e+00,  0.0000000e+00,  1.0748176e-02,
        1.0000000e+02, -7.6289326e-03,  1.3873386e-01,  8.4020442e-01,
        2.0095808e+01,  4.3416119e+00,  2.2192923e+01], dtype=float32), activation=[array([[ 0.       ,  0.       , 10.477739 ,  0.       ,  0.       ,
         4.4833317,  0.       , 21.098185 , 11.899042 ,  3.4094517]],
      dtype=float32), array([[ 0.        ,  2.3085065 ,  0.        ,  0.        ,  0.24438891,
         9.2581005 ,  0.        ,  0.        ,  0.        , 19.286718  ]],
      dtype=float32), array([[ 0.       ,  0.       , 21.515877 ,  9.887827 ,  0.       ,
         0.       ,  1.2770431,  0.       ,  5.4202867]], dtype=float32)], reward=3.9952002)], success=True)]"
5,configs/basic/synergysimple-xor-all3/synergysimple-xor-1.yml,"[configuration(episode=0, buffer=[transition(observation=array([ 0.0000000e+00,  1.0000000e+00,  0.0000000e+00,  0.0000000e+00,
        0.0000000e+00,  0.0000000e+00,  0.0000000e+00,  9.0806812e-02,
        0.0000000e+00,  0.0000000e+00,  1.0000000e+00,  0.0000000e+00,
        0.0000000e+00,  0.0000000e+00,  0.0000000e+00,  1.0074292e-02,
        0.0000000e+00,  1.0000000e+00,  0.0000000e+00,  0.0000000e+00,
        0.0000000e+00,  0.0000000e+00,  0.0000000e+00,  1.0105720e-02,
        9.9679993e+01, -9.3061298e-02, -1.0882664e-01, -1.3330343e+00,
        2.0001322e+01,  5.4855447e+00,  1.9938644e+01], dtype=float32), activation=[array([[11.019751 ,  0.       , 14.299256 ,  0.       ,  0.       ,
         0.3970554,  0.       , 19.691593 ,  7.9133387,  8.457226 ]],
      dtype=float32), array([[ 2.258534 ,  5.140714 ,  0.       ,  0.       ,  0.       ,
         6.2255974, 17.540894 ,  0.       ,  0.       , 10.315341 ]],
      dtype=float32), array([[ 0.       , 16.378977 , 10.365436 , 22.370064 ,  0.       ,
         8.166499 ,  3.5359674,  0.       ,  0.       ]], dtype=float32)], reward=-0.0023999999), transition(observation=array([ 0.0000000e+00,  1.0000000e+00,  0.0000000e+00,  0.0000000e+00,
        0.0000000e+00,  0.0000000e+00,  0.0000000e+00,  1.9315652e-04,
        0.0000000e+00,  1.0000000e+00,  0.0000000e+00,  0.0000000e+00,
        0.0000000e+00,  0.0000000e+00,  0.0000000e+00,  5.4734352e-04,
        0.0000000e+00,  1.0000000e+00,  0.0000000e+00,  0.0000000e+00,
        0.0000000e+00,  0.0000000e+00,  0.0000000e+00,  1.0328176e-02,
        9.9439987e+01, -2.7880582e-01, -9.1031194e-04, -2.5410380e+00,
        2.0011745e+01,  5.4850001e+00,  1.9810675e+01], dtype=float32), activation=[array([[11.516102 ,  0.       , 14.820912 ,  0.       ,  0.       ,
         0.       ,  0.       , 20.868467 ,  5.371508 ,  6.9827013]],
      dtype=float32), array([[ 2.8115153,  3.3507032,  0.       ,  0.       ,  0.       ,
         2.5304797, 18.984938 ,  0.       ,  0.       , 10.46134  ]],
      dtype=float32), array([[ 0.      , 14.602903,  8.174886, 23.614546,  0.      , 10.339697,
         0.      ,  4.524255,  0.      ]], dtype=float32)], reward=-0.0023999999), transition(observation=array([ 0.00000000e+00,  1.00000000e+00,  0.00000000e+00,  0.00000000e+00,
        0.00000000e+00,  0.00000000e+00,  0.00000000e+00,  3.31570879e-02,
        0.00000000e+00,  0.00000000e+00,  1.00000000e+00,  0.00000000e+00,
        0.00000000e+00,  0.00000000e+00,  0.00000000e+00,  1.03282295e-02,
        0.00000000e+00,  1.00000000e+00,  0.00000000e+00,  0.00000000e+00,
        0.00000000e+00,  0.00000000e+00,  0.00000000e+00,  1.07734222e-02,
        9.91999817e+01, -5.65621018e-01, -5.97089529e-05, -3.70066881e+00,
        2.00404758e+01,  5.48499441e+00,  1.96114788e+01], dtype=float32), activation=[array([[ 7.660987 ,  0.       , 15.841119 ,  0.       ,  0.       ,
         0.6695795,  0.       , 20.616863 ,  3.9616113,  5.4401603]],
      dtype=float32), array([[ 0.       ,  2.3526063,  0.       ,  0.       ,  0.       ,
         0.9356941, 13.684787 ,  0.       ,  1.3083928, 12.343742 ]],
      dtype=float32), array([[ 0.       ,  3.604472 , 10.63969  , 17.775215 ,  0.       ,
         8.914504 ,  0.       ,  6.8201866,  0.       ]], dtype=float32)], reward=-0.0023999999), transition(observation=array([ 0.0000000e+00,  1.0000000e+00,  0.0000000e+00,  0.0000000e+00,
        0.0000000e+00,  0.0000000e+00,  0.0000000e+00,  5.0618825e-04,
        0.0000000e+00,  1.0000000e+00,  0.0000000e+00,  0.0000000e+00,
        0.0000000e+00,  0.0000000e+00,  0.0000000e+00,  1.1368685e-03,
        0.0000000e+00,  1.0000000e+00,  0.0000000e+00,  0.0000000e+00,
        0.0000000e+00,  0.0000000e+00,  0.0000000e+00,  1.1518822e-02,
        9.8959976e+01, -9.5162404e-01, -1.9156231e-01, -4.8609910e+00,
        2.0095842e+01,  5.4811568e+00,  1.9346121e+01], dtype=float32), activation=[array([[11.876126 ,  0.       , 15.921225 ,  0.       ,  0.       ,
         0.       ,  0.       , 23.481491 ,  0.8157983,  3.8366425]],
      dtype=float32), array([[ 3.2804103,  0.373181 ,  0.       ,  0.       ,  0.       ,
         0.       , 20.122627 ,  0.       ,  2.2979958, 11.664533 ]],
      dtype=float32), array([[ 0.       ,  8.08639  ,  7.855973 , 26.6104   ,  3.5291476,
        13.065716 ,  0.       ,  9.639706 ,  0.       ]], dtype=float32)], reward=-0.0023999999), transition(observation=array([ 0.00000000e+00,  1.00000000e+00,  0.00000000e+00,  0.00000000e+00,
        0.00000000e+00,  0.00000000e+00,  0.00000000e+00,  1.60417717e-03,
        0.00000000e+00,  1.00000000e+00,  0.00000000e+00,  0.00000000e+00,
        0.00000000e+00,  0.00000000e+00,  0.00000000e+00,  3.60303978e-03,
        0.00000000e+00,  1.00000000e+00,  0.00000000e+00,  0.00000000e+00,
        0.00000000e+00,  0.00000000e+00,  0.00000000e+00,  1.19932955e-02,
        9.87199707e+01, -8.84738445e-01, -7.38894761e-01, -5.64870691e+00,
        2.01825333e+01,  5.44759274e+00,  1.90176582e+01], dtype=float32), activation=[array([[ 7.2359934,  0.       , 16.968365 ,  0.       ,  0.       ,
         0.       ,  0.       , 23.698019 ,  0.       ,  1.586758 ]],
      dtype=float32), array([[ 0.      ,  0.      ,  0.      ,  0.      ,  0.      ,  0.      ,
        14.682269,  0.      ,  7.650037, 14.253448]], dtype=float32), array([[ 0.       ,  0.       , 12.565838 , 20.99384  ,  5.50738  ,
        10.5023985,  3.8577862, 11.468131 ,  0.       ]], dtype=float32)], reward=-0.0023999999), transition(observation=array([ 0.00000000e+00,  1.00000000e+00,  0.00000000e+00,  0.00000000e+00,
        0.00000000e+00,  0.00000000e+00,  0.00000000e+00,  2.71152519e-03,
        0.00000000e+00,  1.00000000e+00,  0.00000000e+00,  0.00000000e+00,
        0.00000000e+00,  0.00000000e+00,  0.00000000e+00,  6.09017629e-03,
        0.00000000e+00,  1.00000000e+00,  0.00000000e+00,  0.00000000e+00,
        0.00000000e+00,  0.00000000e+00,  0.00000000e+00,  1.24592725e-02,
        9.84799652e+01, -8.22553754e-01, -1.24775755e+00, -5.25168324e+00,
        2.02676716e+01,  5.38274002e+00,  1.87020931e+01], dtype=float32), activation=[array([[ 6.3549232,  0.       , 16.736567 ,  0.       ,  0.       ,
         0.       ,  0.       , 24.80599  ,  0.       ,  0.       ]],
      dtype=float32), array([[ 0.        ,  0.        ,  0.        ,  0.        ,  0.31147173,
         0.        , 13.661431  ,  0.        ,  8.61411   , 15.666635  ]],
      dtype=float32), array([[ 0.      ,  0.      , 13.936307, 20.510675,  6.257138,  9.017138,
         4.746231, 11.491224,  0.      ]], dtype=float32)], reward=-0.0023999999), transition(observation=array([ 0.0000000e+00,  1.0000000e+00,  0.0000000e+00,  0.0000000e+00,
        0.0000000e+00,  0.0000000e+00,  0.0000000e+00,  3.8020667e-03,
        0.0000000e+00,  1.0000000e+00,  0.0000000e+00,  0.0000000e+00,
        0.0000000e+00,  0.0000000e+00,  0.0000000e+00,  8.5395593e-03,
        0.0000000e+00,  1.0000000e+00,  0.0000000e+00,  0.0000000e+00,
        0.0000000e+00,  0.0000000e+00,  0.0000000e+00,  1.2892481e-02,
        9.8239960e+01, -7.6473987e-01, -1.7208545e+00, -4.8825641e+00,
        2.0346823e+01,  5.2887974e+00,  1.8408705e+01], dtype=float32), activation=[array([[ 5.13814 ,  0.      , 16.177288,  0.      ,  0.      ,  0.      ,
         0.      , 24.825327,  0.      ,  0.      ]], dtype=float32), array([[ 0.        ,  0.        ,  0.        ,  0.        ,  0.84494674,
         0.        , 12.227136  ,  0.        ,  8.967445  , 16.209265  ]],
      dtype=float32), array([[ 0.       ,  0.       , 14.470908 , 19.490788 ,  6.242738 ,
         7.325986 ,  5.1220036, 11.036928 ,  0.       ]], dtype=float32)], reward=-0.0023999999), transition(observation=array([ 0.0000000e+00,  1.0000000e+00,  0.0000000e+00,  0.0000000e+00,
        0.0000000e+00,  0.0000000e+00,  0.0000000e+00,  4.9213748e-03,
        0.0000000e+00,  0.0000000e+00,  1.0000000e+00,  0.0000000e+00,
        0.0000000e+00,  0.0000000e+00,  0.0000000e+00,  8.6727487e-03,
        0.0000000e+00,  1.0000000e+00,  0.0000000e+00,  0.0000000e+00,
        0.0000000e+00,  0.0000000e+00,  0.0000000e+00,  1.3295250e-02,
        9.7999954e+01, -7.1098948e-01, -2.1606994e+00, -4.5393891e+00,
        2.0420412e+01,  5.1678100e+00,  1.8135939e+01], dtype=float32), activation=[array([[ 4.0156956,  0.       , 15.65195  ,  0.       ,  0.       ,
         0.       ,  0.       , 24.848715 ,  0.       ,  0.       ]],
      dtype=float32), array([[ 0.       ,  0.       ,  0.       ,  0.       ,  1.3462757,
         0.       , 10.904555 ,  0.       ,  9.286777 , 16.712934 ]],
      dtype=float32), array([[ 0.       ,  0.       , 14.964818 , 18.559238 ,  6.2125936,
         5.7646027,  5.457884 , 10.618084 ,  0.       ]], dtype=float32)], reward=-0.0023999999), transition(observation=array([ 0.0000000e+00,  1.0000000e+00,  0.0000000e+00,  0.0000000e+00,
        0.0000000e+00,  0.0000000e+00,  0.0000000e+00,  6.4634634e-03,
        0.0000000e+00,  0.0000000e+00,  1.0000000e+00,  0.0000000e+00,
        0.0000000e+00,  0.0000000e+00,  0.0000000e+00,  8.7536201e-03,
        0.0000000e+00,  1.0000000e+00,  0.0000000e+00,  0.0000000e+00,
        0.0000000e+00,  0.0000000e+00,  0.0000000e+00,  1.4419789e-02,
        9.7759949e+01, -1.0985423e+00, -2.5696292e+00, -4.1281195e+00,
        2.0488829e+01,  5.0216784e+00,  1.7882343e+01], dtype=float32), activation=[array([[ 7.1381607,  0.       , 14.600462 ,  0.       ,  0.       ,
         0.       ,  0.       , 26.42955  ,  0.       ,  0.       ]],
      dtype=float32), array([[4.1809750e-01, 0.0000000e+00, 0.0000000e+00, 0.0000000e+00,
        2.4934471e+00, 0.0000000e+00, 1.4754876e+01, 4.9767457e-03,
        6.6387701e+00, 1.6256184e+01]], dtype=float32), array([[ 0.       ,  0.       , 13.6966095, 23.829226 ,  2.2881632,
         9.253498 ,  1.6759609, 11.575693 ,  0.       ]], dtype=float32)], reward=-0.0023999999), transition(observation=array([ 0.0000000e+00,  1.0000000e+00,  0.0000000e+00,  0.0000000e+00,
        0.0000000e+00,  0.0000000e+00,  0.0000000e+00,  7.8169135e-03,
        0.0000000e+00,  0.0000000e+00,  1.0000000e+00,  0.0000000e+00,
        0.0000000e+00,  0.0000000e+00,  0.0000000e+00,  8.3863391e-03,
        0.0000000e+00,  1.0000000e+00,  0.0000000e+00,  0.0000000e+00,
        0.0000000e+00,  0.0000000e+00,  0.0000000e+00,  1.4787023e-02,
        9.7519943e+01, -1.0213304e+00, -2.9498172e+00, -3.8379714e+00,
        2.0552435e+01,  4.8521705e+00,  1.7646572e+01], dtype=float32), activation=[array([[ 5.7663817,  0.       , 14.473357 ,  0.       ,  0.       ,
         0.       ,  0.       , 27.032246 ,  0.       ,  0.       ]],
      dtype=float32), array([[ 0.       ,  0.       ,  0.       ,  0.       ,  3.0470836,
         0.       , 13.292047 ,  0.6847136,  7.410126 , 17.314651 ]],
      dtype=float32), array([[ 0.       ,  0.       , 15.113352 , 23.004267 ,  1.7080655,
         8.229255 ,  2.9884505, 11.13109  ,  0.       ]], dtype=float32)], reward=-0.0023999999), transition(observation=array([ 0.0000000e+00,  1.0000000e+00,  0.0000000e+00,  0.0000000e+00,
        0.0000000e+00,  0.0000000e+00,  0.0000000e+00,  9.0824561e-03,
        0.0000000e+00,  0.0000000e+00,  1.0000000e+00,  0.0000000e+00,
        0.0000000e+00,  0.0000000e+00,  0.0000000e+00,  8.0448613e-03,
        0.0000000e+00,  1.0000000e+00,  0.0000000e+00,  0.0000000e+00,
        0.0000000e+00,  0.0000000e+00,  0.0000000e+00,  1.5128448e-02,
        9.7279938e+01, -9.4954526e-01, -3.3032832e+00, -3.5682163e+00,
        2.0611572e+01,  4.6609282e+00,  1.7427374e+01], dtype=float32), activation=[array([[ 4.918377,  0.      , 14.014352,  0.      ,  0.      ,  0.      ,
         0.      , 27.024548,  0.      ,  0.      ]], dtype=float32), array([[ 0.       ,  0.       ,  0.       ,  0.       ,  3.4551957,
         0.       , 12.283401 ,  1.1593008,  7.606398 , 17.67239  ]],
      dtype=float32), array([[ 0.       ,  0.       , 15.593781 , 22.396128 ,  1.3419716,
         7.3107805,  3.620448 , 10.455084 ,  0.       ]], dtype=float32)], reward=-0.0023999999), transition(observation=array([ 0.0000000e+00,  1.0000000e+00,  0.0000000e+00,  0.0000000e+00,
        0.0000000e+00,  0.0000000e+00,  0.0000000e+00,  1.0259054e-02,
        0.0000000e+00,  0.0000000e+00,  1.0000000e+00,  0.0000000e+00,
        0.0000000e+00,  0.0000000e+00,  0.0000000e+00,  7.7273822e-03,
        0.0000000e+00,  0.0000000e+00,  0.0000000e+00,  1.0000000e+00,
        0.0000000e+00,  0.0000000e+00,  0.0000000e+00,  1.4351298e-03,
        9.7039932e+01, -8.8280571e-01, -3.6319056e+00, -3.3174212e+00,
        2.0666553e+01,  4.4494801e+00,  1.7223581e+01], dtype=float32), activation=[array([[ 4.1387315,  0.       , 13.582225 ,  0.       ,  0.       ,
         0.       ,  0.       , 27.022856 ,  0.       ,  0.       ]],
      dtype=float32), array([[ 0.       ,  0.       ,  0.       ,  0.       ,  3.840019 ,
         0.       , 11.356494 ,  1.6025231,  7.7797313, 18.004227 ]],
      dtype=float32), array([[ 0.        ,  0.        , 16.03795   , 21.847746  ,  0.98371476,
         6.4687967 ,  4.1963754 ,  9.8286705 ,  0.        ]],
      dtype=float32)], reward=-0.0023999999), transition(observation=array([ 0.0000000e+00,  1.0000000e+00,  0.0000000e+00,  0.0000000e+00,
        0.0000000e+00,  0.0000000e+00,  0.0000000e+00,  1.0259054e-02,
        0.0000000e+00,  0.0000000e+00,  1.0000000e+00,  0.0000000e+00,
        0.0000000e+00,  0.0000000e+00,  0.0000000e+00,  7.7273822e-03,
        0.0000000e+00,  0.0000000e+00,  0.0000000e+00,  1.0000000e+00,
        0.0000000e+00,  0.0000000e+00,  0.0000000e+00,  1.4351298e-03,
        1.0000000e+02, -2.4908698e-01, -6.8964958e-02, -2.4700370e+00,
        2.0706654e+01,  4.3776865e+00,  1.7113501e+01], dtype=float32), activation=[array([[ 3.2269564,  0.       , 14.813046 ,  0.       ,  0.       ,
         0.       ,  0.       , 26.176641 ,  0.       ,  0.       ]],
      dtype=float32), array([[ 0.       ,  0.       ,  0.       ,  0.       ,  2.6823406,
         0.       , 10.214902 ,  0.966459 ,  9.204809 , 17.94438  ]],
      dtype=float32), array([[ 0.       ,  0.       , 16.18448  , 19.438854 ,  4.2214217,
         5.073683 ,  5.751957 ,  9.940327 ,  0.       ]], dtype=float32)], reward=3.9944)], success=True)]"
6,configs/basic/synergysimple-xor-all3/synergysimple-xor-2.yml,"[configuration(episode=0, buffer=[transition(observation=array([ 0.0000000e+00,  0.0000000e+00,  1.0000000e+00,  0.0000000e+00,
        0.0000000e+00,  0.0000000e+00,  0.0000000e+00,  9.0310879e-02,
        0.0000000e+00,  1.0000000e+00,  0.0000000e+00,  0.0000000e+00,
        0.0000000e+00,  0.0000000e+00,  0.0000000e+00,  1.0043912e-02,
        0.0000000e+00,  1.0000000e+00,  0.0000000e+00,  0.0000000e+00,
        0.0000000e+00,  0.0000000e+00,  0.0000000e+00,  1.0043605e-02,
        9.9679993e+01, -5.9691741e-04, -1.0882658e-01, -1.3369730e+00,
        1.9999971e+01,  5.4855447e+00,  1.9938608e+01], dtype=float32), activation=[array([[ 5.1537185,  0.       , 17.156395 ,  0.       ,  0.       ,
         6.6191006,  0.       , 17.607874 ,  8.454118 ,  8.117952 ]],
      dtype=float32), array([[ 0.       , 12.537277 ,  0.       ,  0.       ,  0.       ,
        10.852984 ,  2.6885197,  0.       ,  3.7911131, 14.216901 ]],
      dtype=float32), array([[ 0.       ,  1.0633314, 18.646275 ,  2.0850263,  0.       ,
         0.       , 18.493225 ,  0.       ,  3.9474003]], dtype=float32)], reward=-0.0023999999), transition(observation=array([ 0.0000000e+00,  1.0000000e+00,  0.0000000e+00,  0.0000000e+00,
        0.0000000e+00,  0.0000000e+00,  0.0000000e+00,  2.7394079e-04,
        0.0000000e+00,  1.0000000e+00,  0.0000000e+00,  0.0000000e+00,
        0.0000000e+00,  0.0000000e+00,  0.0000000e+00,  1.9181307e-03,
        0.0000000e+00,  1.0000000e+00,  0.0000000e+00,  0.0000000e+00,
        0.0000000e+00,  0.0000000e+00,  0.0000000e+00,  1.0043770e-02,
        9.9439987e+01,  1.4712454e-03, -9.1351569e-04, -2.5613742e+00,
        2.0000004e+01,  5.4850001e+00,  1.9809998e+01], dtype=float32), activation=[array([[ 5.733327 ,  0.       , 17.601465 ,  0.       ,  0.       ,
         5.204477 ,  0.       , 18.65075  ,  5.9214683,  6.786752 ]],
      dtype=float32), array([[ 0.       ,  9.642004 ,  0.       ,  0.       ,  0.       ,
         6.7276974,  5.481754 ,  0.       ,  5.6819544, 13.847458 ]],
      dtype=float32), array([[ 0.       ,  0.       , 16.19925  ,  5.3468127,  1.3384941,
         0.       , 15.738248 ,  0.       ,  0.       ]], dtype=float32)], reward=-0.0023999999), transition(observation=array([ 0.0000000e+00,  0.0000000e+00,  1.0000000e+00,  0.0000000e+00,
        0.0000000e+00,  0.0000000e+00,  0.0000000e+00,  9.2469141e-02,
        0.0000000e+00,  1.0000000e+00,  0.0000000e+00,  0.0000000e+00,
        0.0000000e+00,  0.0000000e+00,  0.0000000e+00,  1.0090846e-02,
        0.0000000e+00,  1.0000000e+00,  0.0000000e+00,  0.0000000e+00,
        0.0000000e+00,  0.0000000e+00,  0.0000000e+00,  1.0107311e-02,
        9.9199982e+01, -3.3346146e-01, -4.4286251e-05, -3.7432649e+00,
        2.0001638e+01,  5.4849939e+00,  1.9608057e+01], dtype=float32), activation=[array([[ 7.921439 ,  0.       , 15.611558 ,  0.       ,  0.       ,
         1.0186725,  0.       , 20.217848 ,  3.9696202,  5.866797 ]],
      dtype=float32), array([[ 0.       ,  3.2520785,  0.       ,  0.       ,  0.       ,
         1.3719734, 13.509986 ,  0.       ,  1.1751549, 11.982321 ]],
      dtype=float32), array([[ 0.        ,  4.6632776 , 10.570576  , 16.86516   ,  0.        ,
         7.906046  ,  0.57717216,  5.808049  ,  0.        ]],
      dtype=float32)], reward=-0.0023999999), transition(observation=array([ 0.0000000e+00,  1.0000000e+00,  0.0000000e+00,  0.0000000e+00,
        0.0000000e+00,  0.0000000e+00,  0.0000000e+00,  5.1717821e-04,
        0.0000000e+00,  1.0000000e+00,  0.0000000e+00,  0.0000000e+00,
        0.0000000e+00,  0.0000000e+00,  0.0000000e+00,  4.9197818e-03,
        0.0000000e+00,  1.0000000e+00,  0.0000000e+00,  0.0000000e+00,
        0.0000000e+00,  0.0000000e+00,  0.0000000e+00,  1.0158957e-02,
        9.8959976e+01, -2.9398817e-01, -1.9155198e-01, -4.9741626e+00,
        2.0011911e+01,  5.4811563e+00,  1.9335735e+01], dtype=float32), activation=[array([[ 6.2960644,  0.       , 18.680908 ,  0.       ,  0.       ,
         2.2245822,  0.       , 20.996094 ,  1.2695513,  3.8440173]],
      dtype=float32), array([[ 0.       ,  3.2645226,  0.       ,  0.       ,  0.       ,
         0.       , 10.547384 ,  0.       ,  9.443802 , 13.669738 ]],
      dtype=float32), array([[ 0.       ,  0.       , 12.603932 , 12.950386 ,  7.0494485,
         2.6715858, 10.1768055,  8.658584 ,  0.       ]], dtype=float32)], reward=-0.0023999999), transition(observation=array([ 0.0000000e+00,  1.0000000e+00,  0.0000000e+00,  0.0000000e+00,
        0.0000000e+00,  0.0000000e+00,  0.0000000e+00,  1.4777458e-03,
        0.0000000e+00,  1.0000000e+00,  0.0000000e+00,  0.0000000e+00,
        0.0000000e+00,  0.0000000e+00,  0.0000000e+00,  9.9035520e-03,
        0.0000000e+00,  1.0000000e+00,  0.0000000e+00,  0.0000000e+00,
        0.0000000e+00,  0.0000000e+00,  0.0000000e+00,  1.0242384e-02,
        9.8719971e+01, -2.7332500e-01, -7.3888516e-01, -5.1823783e+00,
        2.0028505e+01,  5.4475927e+00,  1.9017073e+01], dtype=float32), activation=[array([[ 7.895274 ,  0.       , 16.437454 ,  0.       ,  0.       ,
         0.       ,  0.       , 22.833632 ,  0.       ,  2.5269797]],
      dtype=float32), array([[ 0.      ,  0.      ,  0.      ,  0.      ,  0.      ,  0.      ,
        15.356999,  0.      ,  6.511413, 13.151593]], dtype=float32), array([[ 0.       ,  0.       , 11.424109 , 21.444582 ,  4.2556157,
        11.559685 ,  2.6557982, 11.31159  ,  0.       ]], dtype=float32)], reward=-0.0023999999), transition(observation=array([ 0.0000000e+00,  1.0000000e+00,  0.0000000e+00,  0.0000000e+00,
        0.0000000e+00,  0.0000000e+00,  0.0000000e+00,  2.4064574e-03,
        0.0000000e+00,  1.0000000e+00,  0.0000000e+00,  0.0000000e+00,
        0.0000000e+00,  0.0000000e+00,  0.0000000e+00,  9.7897686e-03,
        0.0000000e+00,  1.0000000e+00,  0.0000000e+00,  0.0000000e+00,
        0.0000000e+00,  0.0000000e+00,  0.0000000e+00,  1.0319956e-02,
        9.8479965e+01, -2.5411415e-01, -1.2477486e+00, -4.8181310e+00,
        2.0043934e+01,  5.3827405e+00,  1.8720806e+01], dtype=float32), activation=[array([[ 6.8088074,  0.       , 16.049976 ,  0.       ,  0.       ,
         0.       ,  0.       , 23.513174 ,  0.       ,  1.4879106]],
      dtype=float32), array([[ 0.      ,  0.      ,  0.      ,  0.      ,  0.      ,  0.      ,
        14.076631,  0.      ,  7.288391, 14.266321]], dtype=float32), array([[ 0.       ,  0.       , 12.558055 , 20.328783 ,  5.1481743,
        10.015379 ,  3.4793568, 11.052122 ,  0.       ]], dtype=float32)], reward=-0.0023999999), transition(observation=array([ 0.0000000e+00,  1.0000000e+00,  0.0000000e+00,  0.0000000e+00,
        0.0000000e+00,  0.0000000e+00,  0.0000000e+00,  3.3278251e-03,
        0.0000000e+00,  1.0000000e+00,  0.0000000e+00,  0.0000000e+00,
        0.0000000e+00,  0.0000000e+00,  0.0000000e+00,  9.6902885e-03,
        0.0000000e+00,  1.0000000e+00,  0.0000000e+00,  0.0000000e+00,
        0.0000000e+00,  0.0000000e+00,  0.0000000e+00,  1.0393350e-02,
        9.8239960e+01, -2.3625351e-01, -1.7208463e+00, -4.4794850e+00,
        2.0058277e+01,  5.2887983e+00,  1.8445366e+01], dtype=float32), activation=[array([[ 5.6095676,  0.       , 15.518027 ,  0.       ,  0.       ,
         0.       ,  0.       , 23.648947 ,  0.       ,  1.1165823]],
      dtype=float32), array([[ 0.       ,  0.       ,  0.       ,  0.       ,  0.       ,
         0.       , 12.636905 ,  0.       ,  7.7840333, 14.940886 ]],
      dtype=float32), array([[ 0.       ,  0.       , 13.282431 , 18.905212 ,  5.7872896,
         8.444583 ,  4.091581 , 10.565767 ,  0.       ]], dtype=float32)], reward=-0.0023999999), transition(observation=array([ 0.0000000e+00,  1.0000000e+00,  0.0000000e+00,  0.0000000e+00,
        0.0000000e+00,  0.0000000e+00,  0.0000000e+00,  4.2793788e-03,
        0.0000000e+00,  1.0000000e+00,  0.0000000e+00,  0.0000000e+00,
        0.0000000e+00,  0.0000000e+00,  0.0000000e+00,  9.6094254e-03,
        0.0000000e+00,  1.0000000e+00,  0.0000000e+00,  0.0000000e+00,
        0.0000000e+00,  0.0000000e+00,  0.0000000e+00,  1.0464197e-02,
        9.7999954e+01, -2.1964826e-01, -2.1606915e+00, -4.1646409e+00,
        2.0071611e+01,  5.1678114e+00,  1.8189283e+01], dtype=float32), activation=[array([[ 4.503418  ,  0.        , 15.018148  ,  0.        ,  0.        ,
         0.        ,  0.        , 23.780558  ,  0.        ,  0.76535064]],
      dtype=float32), array([[ 0.        ,  0.        ,  0.        ,  0.        ,  0.5674803 ,
         0.        , 11.308421  ,  0.17416221,  8.237831  , 15.568121  ]],
      dtype=float32), array([[ 0.       ,  0.       , 13.94454  , 18.087475 ,  5.7375193,
         6.904723 ,  4.708914 , 10.087349 ,  0.       ]], dtype=float32)], reward=-0.0023999999), transition(observation=array([ 0.0000000e+00,  1.0000000e+00,  0.0000000e+00,  0.0000000e+00,
        0.0000000e+00,  0.0000000e+00,  0.0000000e+00,  5.3028632e-03,
        0.0000000e+00,  1.0000000e+00,  0.0000000e+00,  0.0000000e+00,
        0.0000000e+00,  0.0000000e+00,  0.0000000e+00,  9.5514897e-03,
        0.0000000e+00,  1.0000000e+00,  0.0000000e+00,  0.0000000e+00,
        0.0000000e+00,  0.0000000e+00,  0.0000000e+00,  1.0523635e-02,
        9.7759949e+01, -2.0421013e-01, -2.5696220e+00, -3.8719258e+00,
        2.0084009e+01,  5.0216799e+00,  1.7951199e+01], dtype=float32), activation=[array([[ 3.4838448,  0.       , 14.548153 ,  0.       ,  0.       ,
         0.       ,  0.       , 23.908237 ,  0.       ,  0.4328149]],
      dtype=float32), array([[ 0.        ,  0.        ,  0.        ,  0.        ,  1.3372699 ,
         0.        , 10.083389  ,  0.52309227,  8.65275   , 16.151299  ]],
      dtype=float32), array([[ 0.       ,  0.       , 14.586636 , 17.570604 ,  5.3477287,
         5.5087852,  5.4003053,  9.551652 ,  0.       ]], dtype=float32)], reward=-0.0023999999), transition(observation=array([ 0.0000000e+00,  1.0000000e+00,  0.0000000e+00,  0.0000000e+00,
        0.0000000e+00,  0.0000000e+00,  0.0000000e+00,  6.4120158e-03,
        0.0000000e+00,  1.0000000e+00,  0.0000000e+00,  0.0000000e+00,
        0.0000000e+00,  0.0000000e+00,  0.0000000e+00,  9.4878515e-03,
        0.0000000e+00,  1.0000000e+00,  0.0000000e+00,  0.0000000e+00,
        0.0000000e+00,  0.0000000e+00,  0.0000000e+00,  1.0584000e-02,
        9.7519943e+01, -1.8985704e-01, -2.9498103e+00, -3.5997844e+00,
        2.0095537e+01,  4.8521719e+00,  1.7729849e+01], dtype=float32), activation=[array([[ 2.544794  ,  0.        , 14.105994  ,  0.        ,  0.        ,
         0.        ,  0.        , 24.03219   ,  0.33887956,  0.11767323]],
      dtype=float32), array([[ 0.        ,  0.        ,  0.        ,  0.        ,  2.067828  ,
         0.        ,  8.91401   ,  0.59911156,  8.6435375 , 16.769438  ]],
      dtype=float32), array([[ 0.       ,  0.       , 15.122862 , 17.058517 ,  4.644917 ,
         4.1250086,  5.306332 ,  9.109632 ,  0.       ]], dtype=float32)], reward=-0.0023999999), transition(observation=array([ 0.0000000e+00,  1.0000000e+00,  0.0000000e+00,  0.0000000e+00,
        0.0000000e+00,  0.0000000e+00,  0.0000000e+00,  7.4473605e-03,
        0.0000000e+00,  1.0000000e+00,  0.0000000e+00,  0.0000000e+00,
        0.0000000e+00,  0.0000000e+00,  0.0000000e+00,  9.4320504e-03,
        0.0000000e+00,  1.0000000e+00,  0.0000000e+00,  0.0000000e+00,
        0.0000000e+00,  0.0000000e+00,  0.0000000e+00,  1.0637895e-02,
        9.7279938e+01, -1.7651278e-01, -3.3032768e+00, -3.3467705e+00,
        2.0106255e+01,  4.6609306e+00,  1.7524055e+01], dtype=float32), activation=[array([[ 1.6806232 ,  0.        , 13.689766  ,  0.        ,  0.        ,
         0.        ,  0.        , 24.152637  ,  0.73517466,  0.        ]],
      dtype=float32), array([[ 0.        ,  0.        ,  0.        ,  0.        ,  2.6134102 ,
         0.        ,  7.852396  ,  0.73345757,  8.47106   , 17.334604  ]],
      dtype=float32), array([[ 0.       ,  0.       , 15.621307 , 16.516573 ,  3.8899264,
         2.984051 ,  5.096119 ,  8.591421 ,  0.       ]], dtype=float32)], reward=-0.0023999999), transition(observation=array([ 0.0000000e+00,  1.0000000e+00,  0.0000000e+00,  0.0000000e+00,
        0.0000000e+00,  0.0000000e+00,  0.0000000e+00,  8.4085651e-03,
        0.0000000e+00,  1.0000000e+00,  0.0000000e+00,  0.0000000e+00,
        0.0000000e+00,  0.0000000e+00,  0.0000000e+00,  9.3806619e-03,
        0.0000000e+00,  1.0000000e+00,  0.0000000e+00,  0.0000000e+00,
        0.0000000e+00,  0.0000000e+00,  0.0000000e+00,  1.0687786e-02,
        9.7039932e+01, -1.6410641e-01, -3.6318996e+00, -3.1115398e+00,
        2.0116219e+01,  4.4494824e+00,  1.7332729e+01], dtype=float32), activation=[array([[ 0.88594687,  0.        , 13.2974    ,  0.        ,  0.        ,
         0.        ,  0.        , 24.270094  ,  1.1128678 ,  0.        ]],
      dtype=float32), array([[ 0.       ,  0.       ,  0.       ,  0.       ,  3.038881 ,
         0.       ,  6.89033  ,  0.9290898,  8.252368 , 17.84467  ]],
      dtype=float32), array([[ 0.       ,  0.       , 16.090899 , 15.984399 ,  3.1570466,
         2.0298908,  4.9080567,  8.037296 ,  0.       ]], dtype=float32)], reward=-0.0023999999), transition(observation=array([ 0.0000000e+00,  1.0000000e+00,  0.0000000e+00,  0.0000000e+00,
        0.0000000e+00,  0.0000000e+00,  0.0000000e+00,  8.4085651e-03,
        0.0000000e+00,  1.0000000e+00,  0.0000000e+00,  0.0000000e+00,
        0.0000000e+00,  0.0000000e+00,  0.0000000e+00,  9.3806619e-03,
        0.0000000e+00,  1.0000000e+00,  0.0000000e+00,  0.0000000e+00,
        0.0000000e+00,  0.0000000e+00,  0.0000000e+00,  1.0687786e-02,
        1.0000000e+02, -2.8161824e-02,  1.3324904e-01, -2.0585876e+00,
        2.0120428e+01,  4.4615426e+00,  1.7292307e+01], dtype=float32), activation=[array([[ 0.15587628,  0.        , 12.927211  ,  0.        ,  0.        ,
         0.        ,  0.        , 24.384773  ,  1.4732666 ,  0.        ]],
      dtype=float32), array([[ 0.       ,  0.       ,  0.       ,  0.       ,  3.4399989,
         0.       ,  6.005618 ,  1.1062626,  8.029301 , 18.32021  ]],
      dtype=float32), array([[ 0.       ,  0.       , 16.523434 , 15.505278 ,  2.4489193,
         1.1522009,  4.701822 ,  7.5255384,  0.       ]], dtype=float32)], reward=3.9952002)], success=True)]"
7,configs/basic/synergysimple-xor-all3/synergysimple-xor-3.yml,"[configuration(episode=0, buffer=[transition(observation=array([ 0.0000000e+00,  1.0000000e+00,  0.0000000e+00,  0.0000000e+00,
        0.0000000e+00,  0.0000000e+00,  0.0000000e+00,  9.0309545e-02,
        0.0000000e+00,  1.0000000e+00,  0.0000000e+00,  0.0000000e+00,
        0.0000000e+00,  0.0000000e+00,  0.0000000e+00,  1.0043894e-02,
        0.0000000e+00,  0.0000000e+00,  1.0000000e+00,  0.0000000e+00,
        0.0000000e+00,  0.0000000e+00,  0.0000000e+00,  1.0035690e-02,
        9.9679993e+01, -5.9696124e-04, -1.0882658e-01, -1.3369732e+00,
        1.9999971e+01,  5.4855447e+00,  1.9938608e+01], dtype=float32), activation=[array([[ 4.705731 ,  0.       , 19.530743 ,  0.       ,  0.       ,
         6.6017447,  0.       , 16.413626 ,  6.6098795,  9.029076 ]],
      dtype=float32), array([[ 0.       , 14.0133095,  0.       ,  0.       ,  0.       ,
         9.950646 ,  2.4547164,  0.       ,  7.5112195, 13.229571 ]],
      dtype=float32), array([[ 0.        ,  0.        , 17.884394  ,  0.        ,  2.5570931 ,
         0.        , 24.561766  ,  0.        ,  0.86425984]],
      dtype=float32)], reward=-0.0023999999), transition(observation=array([ 0.0000000e+00,  1.0000000e+00,  0.0000000e+00,  0.0000000e+00,
        0.0000000e+00,  0.0000000e+00,  0.0000000e+00,  2.7392415e-04,
        0.0000000e+00,  1.0000000e+00,  0.0000000e+00,  0.0000000e+00,
        0.0000000e+00,  0.0000000e+00,  0.0000000e+00,  1.9180888e-03,
        0.0000000e+00,  0.0000000e+00,  1.0000000e+00,  0.0000000e+00,
        0.0000000e+00,  0.0000000e+00,  0.0000000e+00,  1.0035095e-02,
        9.9439987e+01,  1.4712495e-03, -9.1351569e-04, -2.5613744e+00,
        2.0000004e+01,  5.4850001e+00,  1.9809998e+01], dtype=float32), activation=[array([[ 5.285337 ,  0.       , 19.97583  ,  0.       ,  0.       ,
         5.187114 ,  0.       , 17.456495 ,  4.0772014,  7.6978636]],
      dtype=float32), array([[ 0.       , 11.118025 ,  0.       ,  0.       ,  0.       ,
         5.8253274,  5.247958 ,  0.       ,  9.402103 , 12.860118 ]],
      dtype=float32), array([[ 0.       ,  0.       , 15.43735  ,  2.6812706,  5.3145614,
         0.       , 21.806816 ,  0.       ,  0.       ]], dtype=float32)], reward=-0.0023999999), transition(observation=array([ 0.0000000e+00,  1.0000000e+00,  0.0000000e+00,  0.0000000e+00,
        0.0000000e+00,  0.0000000e+00,  0.0000000e+00,  9.1962464e-02,
        0.0000000e+00,  1.0000000e+00,  0.0000000e+00,  0.0000000e+00,
        0.0000000e+00,  0.0000000e+00,  0.0000000e+00,  1.0043367e-02,
        0.0000000e+00,  0.0000000e+00,  1.0000000e+00,  0.0000000e+00,
        0.0000000e+00,  0.0000000e+00,  0.0000000e+00,  1.0034802e-02,
        9.9199982e+01,  1.2943291e-03, -4.4241548e-05, -3.7593734e+00,
        2.0000076e+01,  5.4849939e+00,  1.9608015e+01], dtype=float32), activation=[array([[ 5.7648296,  0.       , 20.284262 ,  0.       ,  0.       ,
         3.7493825,  0.       , 18.494265 ,  1.8256397,  6.5273495]],
      dtype=float32), array([[ 0.       ,  8.254398 ,  0.       ,  0.       ,  0.       ,
         2.0031893,  7.93314  ,  0.       , 10.854681 , 12.553653 ]],
      dtype=float32), array([[ 0.       ,  0.       , 13.150034 ,  6.0085874,  7.5647025,
         0.       , 18.670616 ,  3.474399 ,  0.       ]], dtype=float32)], reward=-0.0023999999), transition(observation=array([ 0.00000000e+00,  1.00000000e+00,  0.00000000e+00,  0.00000000e+00,
        0.00000000e+00,  0.00000000e+00,  0.00000000e+00,  1.18772994e-04,
        0.00000000e+00,  1.00000000e+00,  0.00000000e+00,  0.00000000e+00,
        0.00000000e+00,  0.00000000e+00,  0.00000000e+00,  1.10608153e-03,
        0.00000000e+00,  0.00000000e+00,  1.00000000e+00,  0.00000000e+00,
        0.00000000e+00,  0.00000000e+00,  0.00000000e+00,  1.00820623e-02,
        9.89599762e+01, -2.04966128e-01,  3.58521938e-05, -1.43194306e+00,
        1.99986420e+01,  5.48498774e+00,  1.94757824e+01], dtype=float32), activation=[array([[ 6.149538 ,  0.       , 20.781284 ,  0.       ,  0.       ,
         2.6338925,  0.       , 19.31534  ,  0.       ,  5.271815 ]],
      dtype=float32), array([[ 0.      ,  5.852437,  0.      ,  0.      ,  0.      ,  0.      ,
        10.012947,  0.      , 12.371152, 12.377385]], dtype=float32), array([[ 0.      ,  0.      , 11.987344,  9.349512,  9.844782,  0.      ,
        16.943474,  8.170038,  0.      ]], dtype=float32)], reward=-0.0023999999), transition(observation=array([ 0.0000000e+00,  1.0000000e+00,  0.0000000e+00,  0.0000000e+00,
        0.0000000e+00,  0.0000000e+00,  0.0000000e+00,  1.9760628e-04,
        0.0000000e+00,  1.0000000e+00,  0.0000000e+00,  0.0000000e+00,
        0.0000000e+00,  0.0000000e+00,  0.0000000e+00,  1.8801350e-03,
        0.0000000e+00,  0.0000000e+00,  1.0000000e+00,  0.0000000e+00,
        0.0000000e+00,  0.0000000e+00,  0.0000000e+00,  1.0102508e-02,
        9.8719971e+01, -1.8665406e-01, -4.9299705e-01, -3.0102262e+00,
        2.0002781e+01,  5.4665437e+00,  1.9326603e+01], dtype=float32), activation=[array([[ 4.9857826,  0.       , 20.09862  ,  0.       ,  0.       ,
         4.712937 ,  0.       , 17.611076 ,  3.9420464,  7.414638 ]],
      dtype=float32), array([[ 0.       , 10.217079 ,  0.       ,  0.       ,  0.       ,
         5.298859 ,  5.5108953,  0.       ,  9.443434 , 12.96639  ]],
      dtype=float32), array([[ 0.       ,  0.       , 15.221854 ,  3.5603414,  5.594887 ,
         0.       , 20.619982 ,  0.       ,  0.       ]], dtype=float32)], reward=-0.0023999999), transition(observation=array([ 0.00000000e+00,  1.00000000e+00,  0.00000000e+00,  0.00000000e+00,
        0.00000000e+00,  0.00000000e+00,  0.00000000e+00,  1.21225705e-04,
        0.00000000e+00,  1.00000000e+00,  0.00000000e+00,  0.00000000e+00,
        0.00000000e+00,  0.00000000e+00,  0.00000000e+00,  5.70319535e-04,
        0.00000000e+00,  0.00000000e+00,  1.00000000e+00,  0.00000000e+00,
        0.00000000e+00,  0.00000000e+00,  0.00000000e+00,  1.02633676e-02,
        9.84799652e+01, -3.46508235e-01, -1.01914287e+00, -1.05501020e+00,
        2.00013180e+01,  5.41574764e+00,  1.92229118e+01], dtype=float32), activation=[array([[ 4.5581264,  0.       , 20.141855 ,  0.       ,  0.       ,
         2.8816984,  0.       , 19.499392 ,  0.6889906,  4.951611 ]],
      dtype=float32), array([[ 0.       ,  5.2895136,  0.       ,  0.       ,  0.       ,
         0.       ,  7.7405424,  0.       , 12.482809 , 13.495627 ]],
      dtype=float32), array([[ 0.       ,  0.       , 13.070345 ,  7.685043 , 10.247783 ,
         0.       , 16.471586 ,  7.4083385,  0.       ]], dtype=float32)], reward=-0.0023999999), transition(observation=array([ 0.0000000e+00,  1.0000000e+00,  0.0000000e+00,  0.0000000e+00,
        0.0000000e+00,  0.0000000e+00,  0.0000000e+00,  2.6145138e-04,
        0.0000000e+00,  1.0000000e+00,  0.0000000e+00,  0.0000000e+00,
        0.0000000e+00,  0.0000000e+00,  0.0000000e+00,  1.2300322e-03,
        0.0000000e+00,  0.0000000e+00,  1.0000000e+00,  0.0000000e+00,
        0.0000000e+00,  0.0000000e+00,  0.0000000e+00,  1.0301597e-02,
        9.8239960e+01, -3.2215366e-01, -1.5083082e+00, -2.6958320e+00,
        2.0008860e+01,  5.3348742e+00,  1.9092157e+01], dtype=float32), activation=[array([[ 2.694234 ,  0.       , 19.227186 ,  0.       ,  0.       ,
         4.6158214,  0.       , 18.547232 ,  4.186982 ,  5.9367747]],
      dtype=float32), array([[ 0.       ,  7.8668666,  0.       ,  0.       ,  0.       ,
         4.4176545,  2.8946042,  0.       , 10.399725 , 14.877936 ]],
      dtype=float32), array([[ 0.       ,  0.       , 16.616098 ,  2.9230618,  7.4610047,
         0.       , 18.764227 ,  0.       ,  0.       ]], dtype=float32)], reward=-0.0023999999), transition(observation=array([ 0.0000000e+00,  1.0000000e+00,  0.0000000e+00,  0.0000000e+00,
        0.0000000e+00,  0.0000000e+00,  0.0000000e+00,  4.7999225e-04,
        0.0000000e+00,  1.0000000e+00,  0.0000000e+00,  0.0000000e+00,
        0.0000000e+00,  0.0000000e+00,  0.0000000e+00,  1.4772615e-03,
        0.0000000e+00,  0.0000000e+00,  1.0000000e+00,  0.0000000e+00,
        0.0000000e+00,  0.0000000e+00,  0.0000000e+00,  1.0630423e-02,
        9.7999954e+01, -5.0154692e-01, -1.9630920e+00, -1.9065430e+00,
        2.0015757e+01,  5.2260370e+00,  1.8971136e+01], dtype=float32), activation=[array([[ 2.3272586,  0.       , 19.280037 ,  0.       ,  0.       ,
         2.7380266,  0.       , 20.498001 ,  0.8357506,  3.4115098]],
      dtype=float32), array([[ 0.       ,  2.8300576,  0.       ,  0.       ,  0.       ,
         0.       ,  5.268766 ,  0.       , 13.4960985, 15.394085 ]],
      dtype=float32), array([[ 0.       ,  0.       , 14.917092 ,  7.8434434, 12.230205 ,
         0.       , 14.948637 ,  7.614828 ,  0.       ]], dtype=float32)], reward=-0.0023999999), transition(observation=array([ 0.00000000e+00,  1.00000000e+00,  0.00000000e+00,  0.00000000e+00,
        0.00000000e+00,  0.00000000e+00,  0.00000000e+00,  8.39000219e-04,
        0.00000000e+00,  1.00000000e+00,  0.00000000e+00,  0.00000000e+00,
        0.00000000e+00,  0.00000000e+00,  0.00000000e+00,  1.88442052e-03,
        0.00000000e+00,  0.00000000e+00,  1.00000000e+00,  0.00000000e+00,
        0.00000000e+00,  0.00000000e+00,  0.00000000e+00,  1.11010745e-02,
        9.77599487e+01, -6.49022341e-01, -2.38591099e+00, -1.71408880e+00,
        2.00221672e+01,  5.09120178e+00,  1.88586197e+01], dtype=float32), activation=[array([[ 0.9977447,  0.       , 18.792427 ,  0.       ,  0.       ,
         3.2278829,  0.       , 20.54491  ,  2.1399841,  3.2233288]],
      dtype=float32), array([[ 0.       ,  2.8435426,  0.       ,  0.       ,  0.       ,
         0.       ,  2.9228938,  0.       , 13.050293 , 16.507824 ]],
      dtype=float32), array([[ 0.       ,  0.       , 15.935571 ,  5.5562973, 11.807194 ,
         0.       , 14.397408 ,  6.435846 ,  0.       ]], dtype=float32)], reward=-0.0023999999), transition(observation=array([ 0.0000000e+00,  1.0000000e+00,  0.0000000e+00,  0.0000000e+00,
        0.0000000e+00,  0.0000000e+00,  0.0000000e+00,  1.4231123e-03,
        0.0000000e+00,  1.0000000e+00,  0.0000000e+00,  0.0000000e+00,
        0.0000000e+00,  0.0000000e+00,  0.0000000e+00,  2.4648968e-03,
        0.0000000e+00,  0.0000000e+00,  1.0000000e+00,  0.0000000e+00,
        0.0000000e+00,  0.0000000e+00,  0.0000000e+00,  1.1743597e-02,
        9.7519943e+01, -7.6667821e-01, -2.7790115e+00, -1.5218095e+00,
        2.0028130e+01,  4.9321961e+00,  1.8754013e+01], dtype=float32), activation=[array([[ 0.       ,  0.       , 18.481472 ,  0.       ,  0.       ,
         3.1313972,  0.       , 21.050089 ,  2.3248463,  2.4912293]],
      dtype=float32), array([[ 0.       ,  1.6732193,  0.       ,  0.       ,  0.       ,
         0.       ,  1.8544104,  0.       , 13.403529 , 17.425915 ]],
      dtype=float32), array([[ 0.       ,  0.       , 16.803421 ,  5.7615633, 12.5873785,
         0.       , 13.495064 ,  6.5512533,  0.       ]], dtype=float32)], reward=-0.0023999999), transition(observation=array([ 0.00000000e+00,  1.00000000e+00,  0.00000000e+00,  0.00000000e+00,
        0.00000000e+00,  0.00000000e+00,  0.00000000e+00,  2.12445878e-03,
        0.00000000e+00,  1.00000000e+00,  0.00000000e+00,  0.00000000e+00,
        0.00000000e+00,  0.00000000e+00,  0.00000000e+00,  2.92405859e-03,
        0.00000000e+00,  0.00000000e+00,  1.00000000e+00,  0.00000000e+00,
        0.00000000e+00,  0.00000000e+00,  0.00000000e+00,  1.26041835e-02,
        9.72799377e+01, -8.56779099e-01, -3.14448285e+00, -1.33258998e+00,
        2.00336704e+01,  4.75071859e+00,  1.86567593e+01], dtype=float32), activation=[array([[ 0.       ,  0.       , 18.16721  ,  0.       ,  0.       ,
         3.0887282,  0.       , 21.48366  ,  2.534711 ,  1.8498806]],
      dtype=float32), array([[ 0.        ,  0.93793595,  0.        ,  0.        ,  0.        ,
         0.        ,  1.8619113 ,  0.        , 13.13048   , 17.833054  ]],
      dtype=float32), array([[ 0.      ,  0.      , 17.09836 ,  6.616672, 12.452957,  0.      ,
        12.274426,  6.793311,  0.      ]], dtype=float32)], reward=-0.0023999999), transition(observation=array([ 0.0000000e+00,  1.0000000e+00,  0.0000000e+00,  0.0000000e+00,
        0.0000000e+00,  0.0000000e+00,  0.0000000e+00,  2.9211275e-03,
        0.0000000e+00,  1.0000000e+00,  0.0000000e+00,  0.0000000e+00,
        0.0000000e+00,  0.0000000e+00,  0.0000000e+00,  3.2442294e-03,
        0.0000000e+00,  0.0000000e+00,  1.0000000e+00,  0.0000000e+00,
        0.0000000e+00,  0.0000000e+00,  0.0000000e+00,  1.3754641e-02,
        9.7039932e+01, -9.2169964e-01, -3.4842668e+00, -1.1488774e+00,
        2.0038822e+01,  4.5483479e+00,  1.8566339e+01], dtype=float32), activation=[array([[ 0.       ,  0.       , 17.850906 ,  0.       ,  0.       ,
         3.0926082,  0.       , 21.853569 ,  2.7623367,  1.2895397]],
      dtype=float32), array([[ 0.        ,  0.34125674,  0.        ,  0.        ,  0.        ,
         0.        ,  1.8072441 ,  0.        , 12.853721  , 18.203493  ]],
      dtype=float32), array([[ 0.       ,  0.       , 17.367628 ,  7.2566223, 12.280813 ,
         0.       , 11.211944 ,  6.947505 ,  0.       ]], dtype=float32)], reward=-0.0023999999), transition(observation=array([ 0.0000000e+00,  1.0000000e+00,  0.0000000e+00,  0.0000000e+00,
        0.0000000e+00,  0.0000000e+00,  0.0000000e+00,  3.8723939e-03,
        0.0000000e+00,  1.0000000e+00,  0.0000000e+00,  0.0000000e+00,
        0.0000000e+00,  0.0000000e+00,  0.0000000e+00,  3.4867048e-03,
        0.0000000e+00,  0.0000000e+00,  1.0000000e+00,  0.0000000e+00,
        0.0000000e+00,  0.0000000e+00,  0.0000000e+00,  1.5310042e-02,
        9.6799927e+01, -9.6387303e-01, -3.8001685e+00, -9.7270381e-01,
        2.0043613e+01,  4.3265533e+00,  1.8482277e+01], dtype=float32), activation=[array([[ 0.        ,  0.        , 17.533915  ,  0.        ,  0.        ,
         3.1362762 ,  0.        , 22.167324  ,  3.0012226 ,  0.80092174]],
      dtype=float32), array([[ 0.       ,  0.       ,  0.       ,  0.       ,  0.       ,
         0.       ,  1.6999629,  0.       , 12.578119 , 18.540176 ]],
      dtype=float32), array([[ 0.       ,  0.       , 17.616615 ,  7.5800653, 12.037587 ,
         0.       , 10.434047 ,  6.9782524,  0.       ]], dtype=float32)], reward=-0.0023999999), transition(observation=array([ 0.0000000e+00,  1.0000000e+00,  0.0000000e+00,  0.0000000e+00,
        0.0000000e+00,  0.0000000e+00,  0.0000000e+00,  5.0731413e-03,
        0.0000000e+00,  1.0000000e+00,  0.0000000e+00,  0.0000000e+00,
        0.0000000e+00,  0.0000000e+00,  0.0000000e+00,  3.6858341e-03,
        0.0000000e+00,  0.0000000e+00,  0.0000000e+00,  1.0000000e+00,
        0.0000000e+00,  0.0000000e+00,  0.0000000e+00,  3.0521263e-04,
        9.6559921e+01, -9.8574650e-01, -4.0938673e+00, -8.0571157e-01,
        2.0048065e+01,  4.0867004e+00,  1.8404121e+01], dtype=float32), activation=[array([[ 0.        ,  0.        , 17.217716  ,  0.        ,  0.        ,
         3.2135344 ,  0.        , 22.431902  ,  3.2456164 ,  0.37527496]],
      dtype=float32), array([[ 0.       ,  0.       ,  0.       ,  0.       ,  0.       ,
         0.       ,  1.5488045,  0.       , 12.308165 , 18.845976 ]],
      dtype=float32), array([[ 0.       ,  0.       , 17.849934 ,  7.5146546, 11.699555 ,
         0.       , 10.034368 ,  6.860657 ,  0.       ]], dtype=float32)], reward=-0.0023999999), transition(observation=array([ 0.00000000e+00,  1.00000000e+00,  0.00000000e+00,  0.00000000e+00,
        0.00000000e+00,  0.00000000e+00,  0.00000000e+00,  5.07314131e-03,
        0.00000000e+00,  1.00000000e+00,  0.00000000e+00,  0.00000000e+00,
        0.00000000e+00,  0.00000000e+00,  0.00000000e+00,  3.68583412e-03,
        0.00000000e+00,  0.00000000e+00,  0.00000000e+00,  1.00000000e+00,
        0.00000000e+00,  0.00000000e+00,  0.00000000e+00,  3.05212627e-04,
        1.00000000e+02,  1.00060835e-01, -1.61886215e-02, -3.48409601e-02,
        2.00517902e+01,  4.02589941e+00,  1.83961258e+01], dtype=float32), activation=[array([[ 0.       ,  0.       , 13.867378 ,  0.       ,  0.       ,
         2.145086 ,  0.       , 23.52807  ,  4.7827096,  0.       ]],
      dtype=float32), array([[ 0.       ,  0.       ,  0.       ,  0.       ,  2.1250765,
         0.       ,  2.6444314,  0.       ,  7.2059207, 19.365768 ]],
      dtype=float32), array([[ 0.       ,  0.       , 17.305206 , 10.805177 ,  3.572187 ,
         0.       ,  3.0363398,  6.2872148,  0.       ]], dtype=float32)], reward=3.9944)], success=True)]"
8,configs/basic/synergysimple-xor-all3/synergysimple-xor-4.yml,"[configuration(episode=0, buffer=[transition(observation=array([ 0.0000000e+00,  0.0000000e+00,  1.0000000e+00,  0.0000000e+00,
        0.0000000e+00,  0.0000000e+00,  0.0000000e+00,  8.9696959e-02,
        0.0000000e+00,  0.0000000e+00,  1.0000000e+00,  0.0000000e+00,
        0.0000000e+00,  0.0000000e+00,  0.0000000e+00,  1.0036077e-02,
        0.0000000e+00,  1.0000000e+00,  0.0000000e+00,  0.0000000e+00,
        0.0000000e+00,  0.0000000e+00,  0.0000000e+00,  1.0043914e-02,
        9.9679993e+01,  6.0563179e-04, -1.0886818e-01,  1.3369987e+00,
        2.0000032e+01,  5.4855409e+00,  2.0061396e+01], dtype=float32), activation=[array([[ 9.311131,  0.      , 16.597597,  0.      ,  0.      ,  3.145126,
         0.      , 19.162264,  7.613628,  8.206671]], dtype=float32), array([[ 0.       ,  8.667015 ,  0.       ,  0.       ,  0.       ,
         7.759189 , 12.1978445,  0.       ,  0.       , 11.874012 ]],
      dtype=float32), array([[ 0.       , 12.526516 , 13.8827715, 14.031197 ,  0.       ,
         1.9045637,  7.8101206,  0.       ,  0.       ]], dtype=float32)], reward=-0.0023999999), transition(observation=array([ 0.0000000e+00,  0.0000000e+00,  1.0000000e+00,  0.0000000e+00,
        0.0000000e+00,  0.0000000e+00,  0.0000000e+00,  8.9054003e-02,
        0.0000000e+00,  0.0000000e+00,  1.0000000e+00,  0.0000000e+00,
        0.0000000e+00,  0.0000000e+00,  0.0000000e+00,  1.0034714e-02,
        0.0000000e+00,  1.0000000e+00,  0.0000000e+00,  0.0000000e+00,
        0.0000000e+00,  0.0000000e+00,  0.0000000e+00,  5.8724964e-04,
        9.9439987e+01, -1.5973437e-03, -7.6280534e-04,  2.5612864e+00,
        1.9999992e+01,  5.4849958e+00,  2.0190008e+01], dtype=float32), activation=[array([[ 8.999219,  0.      , 16.211939,  0.      ,  0.      ,  4.601059,
         0.      , 17.837397, 10.22097 ,  9.723189]], dtype=float32), array([[ 0.      , 11.944069,  0.      ,  0.      ,  0.      , 12.182781,
         9.623734,  0.      ,  0.      , 11.927866]], dtype=float32), array([[ 0.       , 14.901267 , 16.47688  , 10.667156 ,  0.       ,
         0.       , 13.507178 ,  0.       ,  3.2489593]], dtype=float32)], reward=-0.0023999999), transition(observation=array([ 0.0000000e+00,  0.0000000e+00,  1.0000000e+00,  0.0000000e+00,
        0.0000000e+00,  0.0000000e+00,  0.0000000e+00,  8.8042930e-02,
        0.0000000e+00,  0.0000000e+00,  1.0000000e+00,  0.0000000e+00,
        0.0000000e+00,  0.0000000e+00,  0.0000000e+00,  1.0035014e-02,
        0.0000000e+00,  1.0000000e+00,  0.0000000e+00,  0.0000000e+00,
        0.0000000e+00,  0.0000000e+00,  0.0000000e+00,  1.0043314e-02,
        9.9199982e+01, -1.4783669e-03, -3.1128526e-05,  3.7593696e+00,
        1.9999912e+01,  5.4849920e+00,  2.0391989e+01], dtype=float32), activation=[array([[ 8.795298,  0.      , 15.868042,  0.      ,  0.      ,  5.928176,
         0.      , 16.602015, 12.627103, 11.145506]], dtype=float32), array([[ 0.      , 14.994868,  0.      ,  0.      ,  0.      , 16.276524,
         7.366707,  0.      ,  0.      , 11.920746]], dtype=float32), array([[ 0.      , 17.244543, 18.822453,  7.659329,  0.      ,  0.      ,
        18.798302,  0.      ,  8.78473 ]], dtype=float32)], reward=-0.0023999999), transition(observation=array([ 0.0000000e+00,  0.0000000e+00,  1.0000000e+00,  0.0000000e+00,
        0.0000000e+00,  0.0000000e+00,  0.0000000e+00,  8.6679518e-02,
        0.0000000e+00,  0.0000000e+00,  1.0000000e+00,  0.0000000e+00,
        0.0000000e+00,  0.0000000e+00,  0.0000000e+00,  1.0034688e-02,
        0.0000000e+00,  1.0000000e+00,  0.0000000e+00,  0.0000000e+00,
        0.0000000e+00,  0.0000000e+00,  0.0000000e+00,  1.0042931e-02,
        9.8959976e+01, -1.4397000e-03, -1.9152252e-01,  4.9885411e+00,
        1.9999836e+01,  5.4811544e+00,  2.0664783e+01], dtype=float32), activation=[array([[ 8.435204,  0.      , 15.439259,  0.      ,  0.      ,  7.181525,
         0.      , 15.526836, 14.91829 , 12.346711]], dtype=float32), array([[ 0.       , 17.670656 ,  0.       ,  0.       ,  0.       ,
        20.057522 ,  5.0322804,  0.       ,  0.       , 12.074478 ]],
      dtype=float32), array([[ 0.       , 19.031687 , 21.1365   ,  4.7877326,  0.       ,
         0.       , 23.524117 ,  0.       , 14.038762 ]], dtype=float32)], reward=-0.0023999999), transition(observation=array([ 0.0000000e+00,  0.0000000e+00,  1.0000000e+00,  0.0000000e+00,
        0.0000000e+00,  0.0000000e+00,  0.0000000e+00,  8.5895844e-02,
        0.0000000e+00,  0.0000000e+00,  1.0000000e+00,  0.0000000e+00,
        0.0000000e+00,  0.0000000e+00,  0.0000000e+00,  1.0090283e-02,
        0.0000000e+00,  1.0000000e+00,  0.0000000e+00,  0.0000000e+00,
        0.0000000e+00,  0.0000000e+00,  0.0000000e+00,  1.0097837e-02,
        9.8719971e+01, -4.2781767e-01, -7.3885781e-01,  4.0575986e+00,
        1.9999754e+01,  5.4475923e+00,  2.0915659e+01], dtype=float32), activation=[array([[ 7.7399416,  0.       , 14.824481 ,  0.       ,  0.       ,
         8.396858 ,  0.       , 14.672546 , 17.193958 , 13.26072  ]],
      dtype=float32), array([[ 0.      , 19.87495 ,  0.      ,  0.      ,  0.      , 23.578098,
         2.354554,  0.      ,  0.      , 12.552647]], dtype=float32), array([[ 4.9743257, 19.927681 , 23.599045 ,  1.9295355,  0.       ,
         0.       , 27.59545  ,  0.       , 19.21403  ]], dtype=float32)], reward=-0.0023999999), transition(observation=array([ 0.00000000e+00,  0.00000000e+00,  1.00000000e+00,  0.00000000e+00,
        0.00000000e+00,  0.00000000e+00,  0.00000000e+00,  8.47229064e-02,
        0.00000000e+00,  0.00000000e+00,  1.00000000e+00,  0.00000000e+00,
        0.00000000e+00,  0.00000000e+00,  0.00000000e+00,  1.00900996e-02,
        0.00000000e+00,  1.00000000e+00,  0.00000000e+00,  0.00000000e+00,
        0.00000000e+00,  0.00000000e+00,  0.00000000e+00,  1.00974515e-02,
        9.84799652e+01, -3.97748172e-01, -1.24772310e+00,  3.77240682e+00,
        1.99996777e+01,  5.38274145e+00,  2.11489010e+01], dtype=float32), activation=[array([[ 6.7730193,  0.       , 14.924937 ,  0.       ,  0.       ,
         6.605533 ,  0.       , 16.816336 , 15.089742 , 10.605184 ]],
      dtype=float32), array([[ 0.       , 14.666985 ,  0.       ,  0.       ,  0.       ,
        18.757137 ,  3.8062823,  0.       ,  0.       , 13.820629 ]],
      dtype=float32), array([[ 0.       , 14.543591 , 21.946175 ,  6.0702863,  0.       ,
         0.       , 19.481514 ,  0.       , 13.217933 ]], dtype=float32)], reward=-0.0023999999), transition(observation=array([ 0.0000000e+00,  0.0000000e+00,  1.0000000e+00,  0.0000000e+00,
        0.0000000e+00,  0.0000000e+00,  0.0000000e+00,  8.3632700e-02,
        0.0000000e+00,  0.0000000e+00,  1.0000000e+00,  0.0000000e+00,
        0.0000000e+00,  0.0000000e+00,  0.0000000e+00,  1.0089935e-02,
        0.0000000e+00,  1.0000000e+00,  0.0000000e+00,  0.0000000e+00,
        0.0000000e+00,  0.0000000e+00,  0.0000000e+00,  1.0097099e-02,
        9.8239960e+01, -3.6979213e-01, -1.7208226e+00,  3.5072603e+00,
        1.9999607e+01,  5.2888007e+00,  2.1365747e+01], dtype=float32), activation=[array([[ 6.0534196,  0.       , 14.4831085,  0.       ,  0.       ,
         6.1390734,  0.       , 17.65563  , 14.335171 ,  9.4340925]],
      dtype=float32), array([[ 0.       , 12.617386 ,  0.       ,  0.       ,  0.       ,
        16.916363 ,  3.6305625,  0.       ,  0.       , 14.556747 ]],
      dtype=float32), array([[ 0.       , 11.709897 , 21.56845  ,  6.9684777,  0.       ,
         0.       , 16.34162  ,  0.       , 11.405836 ]], dtype=float32)], reward=-0.0023999999), transition(observation=array([ 0.0000000e+00,  0.0000000e+00,  1.0000000e+00,  0.0000000e+00,
        0.0000000e+00,  0.0000000e+00,  0.0000000e+00,  8.2619116e-02,
        0.0000000e+00,  0.0000000e+00,  1.0000000e+00,  0.0000000e+00,
        0.0000000e+00,  0.0000000e+00,  0.0000000e+00,  1.0089786e-02,
        0.0000000e+00,  1.0000000e+00,  0.0000000e+00,  0.0000000e+00,
        0.0000000e+00,  0.0000000e+00,  0.0000000e+00,  1.0096764e-02,
        9.7999954e+01, -3.4380102e-01, -2.1606698e+00,  3.2607498e+00,
        1.9999540e+01,  5.1678152e+00,  2.1567354e+01], dtype=float32), activation=[array([[ 5.393146 ,  0.       , 14.066939 ,  0.       ,  0.       ,
         5.7117653,  0.       , 18.441414 , 13.642889 ,  8.339299 ]],
      dtype=float32), array([[ 0.       , 10.714857 ,  0.       ,  0.       ,  0.       ,
        15.214338 ,  3.4681613,  0.       ,  0.       , 15.2456045]],
      dtype=float32), array([[ 0.       ,  9.080928 , 21.226099 ,  7.8087916,  0.       ,
         0.       , 13.428397 ,  0.       ,  9.72839  ]], dtype=float32)], reward=-0.0023999999), transition(observation=array([ 0.0000000e+00,  0.0000000e+00,  1.0000000e+00,  0.0000000e+00,
        0.0000000e+00,  0.0000000e+00,  0.0000000e+00,  8.1676751e-02,
        0.0000000e+00,  0.0000000e+00,  1.0000000e+00,  0.0000000e+00,
        0.0000000e+00,  0.0000000e+00,  0.0000000e+00,  1.0089641e-02,
        0.0000000e+00,  1.0000000e+00,  0.0000000e+00,  0.0000000e+00,
        0.0000000e+00,  0.0000000e+00,  0.0000000e+00,  1.0096456e-02,
        9.7759949e+01, -3.1963667e-01, -2.5696018e+00,  3.0315657e+00,
        1.9999479e+01,  5.0216851e+00,  2.1754789e+01], dtype=float32), activation=[array([[ 4.788033 ,  0.       , 13.674626 ,  0.       ,  0.       ,
         5.320856 ,  0.       , 19.177444 , 13.008516 ,  7.3154407]],
      dtype=float32), array([[ 0.       ,  8.94906  ,  0.       ,  0.       ,  0.       ,
        13.6413145,  3.3181489,  0.       ,  0.       , 15.890518 ]],
      dtype=float32), array([[ 0.       ,  6.6423035, 20.916628 ,  8.595307 ,  0.       ,
         0.       , 10.725912 ,  0.       ,  8.176127 ]], dtype=float32)], reward=-0.0023999999), transition(observation=array([ 0.0000000e+00,  0.0000000e+00,  1.0000000e+00,  0.0000000e+00,
        0.0000000e+00,  0.0000000e+00,  0.0000000e+00,  8.0800593e-02,
        0.0000000e+00,  0.0000000e+00,  1.0000000e+00,  0.0000000e+00,
        0.0000000e+00,  0.0000000e+00,  0.0000000e+00,  1.0089509e-02,
        0.0000000e+00,  1.0000000e+00,  0.0000000e+00,  0.0000000e+00,
        0.0000000e+00,  0.0000000e+00,  0.0000000e+00,  1.0096167e-02,
        9.7519943e+01, -2.9717079e-01, -2.9497914e+00,  2.8184896e+00,
        1.9999422e+01,  4.8521786e+00,  2.1929052e+01], dtype=float32), activation=[array([[ 4.234204 ,  0.       , 13.304487 ,  0.       ,  0.       ,
         4.963787 ,  0.       , 19.867222 , 12.427984 ,  6.3575306]],
      dtype=float32), array([[ 0.       ,  7.3103824,  0.       ,  0.       ,  0.       ,
        12.188216 ,  3.1796544,  0.       ,  0.       , 16.494576 ]],
      dtype=float32), array([[ 0.       ,  4.3806376, 20.637726 ,  9.331802 ,  0.       ,
         0.       ,  8.219347 ,  0.       ,  6.7402415]], dtype=float32)], reward=-0.0023999999), transition(observation=array([ 0.0000000e+00,  0.0000000e+00,  1.0000000e+00,  0.0000000e+00,
        0.0000000e+00,  0.0000000e+00,  0.0000000e+00,  7.9986051e-02,
        0.0000000e+00,  0.0000000e+00,  1.0000000e+00,  0.0000000e+00,
        0.0000000e+00,  0.0000000e+00,  0.0000000e+00,  1.0089388e-02,
        0.0000000e+00,  1.0000000e+00,  0.0000000e+00,  0.0000000e+00,
        0.0000000e+00,  0.0000000e+00,  0.0000000e+00,  1.0095903e-02,
        9.7279938e+01, -2.7628392e-01, -3.3032594e+00,  2.6203899e+00,
        1.9999369e+01,  4.6609378e+00,  2.2091066e+01], dtype=float32), activation=[array([[ 3.7280517,  0.       , 12.954969 ,  0.       ,  0.       ,
         4.638179 ,  0.       , 20.513996 , 11.897506 ,  5.460934 ]],
      dtype=float32), array([[ 0.       ,  5.78989  ,  0.       ,  0.       ,  0.       ,
        10.8466215,  3.0518675,  0.       ,  0.       , 17.060652 ]],
      dtype=float32), array([[ 0.      ,  2.283496, 20.38725 , 10.021795,  0.      ,  0.      ,
         5.894934,  0.      ,  5.412558]], dtype=float32)], reward=-0.0023999999), transition(observation=array([ 0.00000000e+00,  0.00000000e+00,  0.00000000e+00,  1.00000000e+00,
        0.00000000e+00,  0.00000000e+00,  0.00000000e+00,  1.68012630e-03,
        0.00000000e+00,  0.00000000e+00,  1.00000000e+00,  0.00000000e+00,
        0.00000000e+00,  0.00000000e+00,  0.00000000e+00,  1.00892745e-02,
        0.00000000e+00,  1.00000000e+00,  0.00000000e+00,  0.00000000e+00,
        0.00000000e+00,  0.00000000e+00,  0.00000000e+00,  1.00956485e-02,
        9.70399323e+01, -2.56865084e-01, -3.63188338e+00,  2.43621397e+00,
        1.99993191e+01,  4.44949102e+00,  2.22416935e+01], dtype=float32), activation=[array([[ 3.2662244,  0.       , 12.62462  ,  0.       ,  0.       ,
         4.341822 ,  0.       , 21.12079  , 11.413565 ,  4.6213393]],
      dtype=float32), array([[ 0.       ,  4.379273 ,  0.       ,  0.       ,  0.       ,
         9.608691 ,  2.9340317,  0.       ,  0.       , 17.591415 ]],
      dtype=float32), array([[ 0.       ,  0.3393095, 20.1632   , 10.66855  ,  0.       ,
         0.       ,  3.7398696,  0.       ,  4.185476 ]], dtype=float32)], reward=-0.0023999999), transition(observation=array([ 0.00000000e+00,  0.00000000e+00,  0.00000000e+00,  1.00000000e+00,
        0.00000000e+00,  0.00000000e+00,  0.00000000e+00,  1.68012630e-03,
        0.00000000e+00,  0.00000000e+00,  1.00000000e+00,  0.00000000e+00,
        0.00000000e+00,  0.00000000e+00,  0.00000000e+00,  1.00892745e-02,
        0.00000000e+00,  1.00000000e+00,  0.00000000e+00,  0.00000000e+00,
        0.00000000e+00,  0.00000000e+00,  0.00000000e+00,  1.00956485e-02,
        1.00000000e+02, -9.50912684e-02,  1.32309198e-01,  8.94716740e-01,
        1.99992809e+01,  4.38337517e+00,  2.23088474e+01], dtype=float32), activation=[array([[ 3.4846506,  0.       ,  9.960624 ,  0.       ,  0.       ,
         3.4243228,  0.       , 22.940119 , 10.740783 ,  3.8246777]],
      dtype=float32), array([[ 0.        ,  1.3539883 ,  0.        ,  0.        ,  0.92204535,
         6.97081   ,  4.4949512 ,  0.        ,  0.        , 18.190737  ]],
      dtype=float32), array([[ 0.       ,  0.       , 19.036503 , 14.686684 ,  0.       ,
         1.3464832,  0.       ,  0.       ,  0.       ]], dtype=float32)], reward=3.9944)], success=True)]"
9,configs/basic/synergysimple-xor-all3/synergysimple-xor-5.yml,"[configuration(episode=0, buffer=[transition(observation=array([ 0.00000000e+00,  1.00000000e+00,  0.00000000e+00,  0.00000000e+00,
        0.00000000e+00,  0.00000000e+00,  0.00000000e+00,  8.96955952e-02,
        0.00000000e+00,  0.00000000e+00,  1.00000000e+00,  0.00000000e+00,
        0.00000000e+00,  0.00000000e+00,  0.00000000e+00,  1.00475345e-02,
        0.00000000e+00,  0.00000000e+00,  1.00000000e+00,  0.00000000e+00,
        0.00000000e+00,  0.00000000e+00,  0.00000000e+00,  1.00136138e-02,
        9.96799927e+01,  5.92847355e-04, -1.08843863e-01,  1.33698416e+00,
        2.00000343e+01,  5.48554277e+00,  2.00613956e+01], dtype=float32), activation=[array([[ 8.863142,  0.      , 18.971945,  0.      ,  0.      ,  3.12777 ,
         0.      , 17.96802 ,  5.769387,  9.117791]], dtype=float32), array([[ 0.       , 10.1430435,  0.       ,  0.       ,  0.       ,
         6.8568454, 11.964044 ,  0.       ,  1.9162295, 10.886683 ]],
      dtype=float32), array([[ 0.       ,  9.973744 , 12.869477 , 11.4244585,  0.       ,
         0.       , 11.635019 ,  0.       ,  0.       ]], dtype=float32)], reward=-0.0023999999), transition(observation=array([ 0.0000000e+00,  1.0000000e+00,  0.0000000e+00,  0.0000000e+00,
        0.0000000e+00,  0.0000000e+00,  0.0000000e+00,  8.9052543e-02,
        0.0000000e+00,  0.0000000e+00,  1.0000000e+00,  0.0000000e+00,
        0.0000000e+00,  0.0000000e+00,  0.0000000e+00,  1.0059067e-02,
        0.0000000e+00,  1.0000000e+00,  0.0000000e+00,  0.0000000e+00,
        0.0000000e+00,  0.0000000e+00,  0.0000000e+00,  1.7645550e-03,
        9.9439987e+01, -1.8096336e-03, -9.3887746e-04,  2.5613911e+00,
        1.9999998e+01,  5.4850006e+00,  2.0190006e+01], dtype=float32), activation=[array([[ 8.551269,  0.      , 18.586319,  0.      ,  0.      ,  4.583674,
         0.      , 16.643156,  8.3767  , 10.634307]], dtype=float32), array([[ 0.       , 13.420074 ,  0.       ,  0.       ,  0.       ,
        11.280399 ,  9.3900175,  0.       ,  0.       , 10.940511 ]],
      dtype=float32), array([[ 0.       , 15.565946 , 15.1964655,  8.122961 ,  0.       ,
         0.       , 14.948652 ,  0.       ,  2.8961751]], dtype=float32)], reward=-0.0023999999), transition(observation=array([ 0.0000000e+00,  1.0000000e+00,  0.0000000e+00,  0.0000000e+00,
        0.0000000e+00,  0.0000000e+00,  0.0000000e+00,  8.8042594e-02,
        0.0000000e+00,  0.0000000e+00,  1.0000000e+00,  0.0000000e+00,
        0.0000000e+00,  0.0000000e+00,  0.0000000e+00,  1.0056454e-02,
        0.0000000e+00,  0.0000000e+00,  1.0000000e+00,  0.0000000e+00,
        0.0000000e+00,  0.0000000e+00,  0.0000000e+00,  1.0012955e-02,
        9.9199982e+01, -1.5613239e-03, -3.5062432e-05,  3.7593696e+00,
        1.9999912e+01,  5.4849935e+00,  2.0391989e+01], dtype=float32), activation=[array([[10.503342 ,  0.       , 13.570354 ,  0.       ,  0.       ,
         3.1797004,  0.       , 17.13146  , 12.925781 , 11.395055 ]],
      dtype=float32), array([[ 1.3234692, 11.467295 ,  0.       ,  0.       ,  0.       ,
        14.741376 , 12.709649 ,  0.       ,  0.       , 10.362263 ]],
      dtype=float32), array([[ 0.       , 20.48046  , 15.72116  , 15.856793 ,  0.       ,
         0.       , 14.38193  ,  0.       ,  2.9368713]], dtype=float32)], reward=-0.0023999999), transition(observation=array([ 0.0000000e+00,  1.0000000e+00,  0.0000000e+00,  0.0000000e+00,
        0.0000000e+00,  0.0000000e+00,  0.0000000e+00,  8.6678647e-02,
        0.0000000e+00,  0.0000000e+00,  1.0000000e+00,  0.0000000e+00,
        0.0000000e+00,  0.0000000e+00,  0.0000000e+00,  1.0055159e-02,
        0.0000000e+00,  0.0000000e+00,  1.0000000e+00,  0.0000000e+00,
        0.0000000e+00,  0.0000000e+00,  0.0000000e+00,  1.0013116e-02,
        9.8959976e+01, -1.5296756e-03, -1.9150038e-01,  4.9885249e+00,
        1.9999832e+01,  5.4811573e+00,  2.0664782e+01], dtype=float32), activation=[array([[ 7.987138 ,  0.       , 17.81367  ,  0.       ,  0.       ,
         7.1640525,  0.       , 14.332723 , 13.0740185, 13.257689 ]],
      dtype=float32), array([[ 0.      , 19.146383,  0.      ,  0.      ,  0.      , 19.155006,
         4.798549,  0.      ,  0.      , 11.087258]], dtype=float32), array([[ 0.       , 19.696037 , 19.856125 ,  2.2437515,  0.       ,
         0.       , 24.96521  ,  0.       , 13.685824 ]], dtype=float32)], reward=-0.0023999999), transition(observation=array([ 0.0000000e+00,  1.0000000e+00,  0.0000000e+00,  0.0000000e+00,
        0.0000000e+00,  0.0000000e+00,  0.0000000e+00,  8.5894808e-02,
        0.0000000e+00,  0.0000000e+00,  1.0000000e+00,  0.0000000e+00,
        0.0000000e+00,  0.0000000e+00,  0.0000000e+00,  1.0110777e-02,
        0.0000000e+00,  0.0000000e+00,  1.0000000e+00,  0.0000000e+00,
        0.0000000e+00,  0.0000000e+00,  0.0000000e+00,  1.0068754e-02,
        9.8719971e+01, -4.2789921e-01, -7.3883718e-01,  4.0575738e+00,
        1.9999744e+01,  5.4475965e+00,  2.0915657e+01], dtype=float32), activation=[array([[ 7.2919216,  0.       , 17.198921 ,  0.       ,  0.       ,
         8.379367 ,  0.       , 13.478428 , 15.349665 , 14.171708 ]],
      dtype=float32), array([[ 0.       , 21.35068  ,  0.       ,  0.       ,  0.       ,
        22.675556 ,  2.1209023,  0.       ,  0.       , 11.565392 ]],
      dtype=float32), array([[ 6.4156218, 20.592102 , 22.31862  ,  0.       ,  0.       ,
         0.       , 29.036526 ,  0.       , 18.861017 ]], dtype=float32)], reward=-0.0023999999), transition(observation=array([ 0.0000000e+00,  1.0000000e+00,  0.0000000e+00,  0.0000000e+00,
        0.0000000e+00,  0.0000000e+00,  0.0000000e+00,  8.4722184e-02,
        0.0000000e+00,  0.0000000e+00,  1.0000000e+00,  0.0000000e+00,
        0.0000000e+00,  0.0000000e+00,  0.0000000e+00,  1.0109808e-02,
        0.0000000e+00,  0.0000000e+00,  1.0000000e+00,  0.0000000e+00,
        0.0000000e+00,  0.0000000e+00,  0.0000000e+00,  1.0068809e-02,
        9.8479965e+01, -3.9782402e-01, -1.2477039e+00,  3.7723842e+00,
        1.9999662e+01,  5.3827472e+00,  2.1148899e+01], dtype=float32), activation=[array([[ 6.3250103,  0.       , 17.29937  ,  0.       ,  0.       ,
         6.588041 ,  0.       , 15.622215 , 13.245429 , 11.516176 ]],
      dtype=float32), array([[ 0.       , 16.14272  ,  0.       ,  0.       ,  0.       ,
        17.854578 ,  3.5726469,  0.       ,  0.       , 12.83336  ]],
      dtype=float32), array([[ 0.      , 15.208027, 20.665731,  3.526363,  0.      ,  0.      ,
        20.922594,  0.      , 12.864892]], dtype=float32)], reward=-0.0023999999), transition(observation=array([ 0.0000000e+00,  1.0000000e+00,  0.0000000e+00,  0.0000000e+00,
        0.0000000e+00,  0.0000000e+00,  0.0000000e+00,  8.3631977e-02,
        0.0000000e+00,  0.0000000e+00,  1.0000000e+00,  0.0000000e+00,
        0.0000000e+00,  0.0000000e+00,  0.0000000e+00,  1.0108905e-02,
        0.0000000e+00,  0.0000000e+00,  1.0000000e+00,  0.0000000e+00,
        0.0000000e+00,  0.0000000e+00,  0.0000000e+00,  1.0068866e-02,
        9.8239960e+01, -3.6986265e-01, -1.7208046e+00,  3.5072391e+00,
        1.9999586e+01,  5.2888079e+00,  2.1365746e+01], dtype=float32), activation=[array([[ 5.6054134,  0.       , 16.857536 ,  0.       ,  0.       ,
         6.1215906,  0.       , 16.461502 , 12.490861 , 10.345096 ]],
      dtype=float32), array([[ 0.       , 14.093143 ,  0.       ,  0.       ,  0.       ,
        16.013817 ,  3.3969176,  0.       ,  0.       , 13.569475 ]],
      dtype=float32), array([[ 0.       , 12.374349 , 20.288012 ,  4.4245296,  0.       ,
         0.       , 17.782732 ,  0.       , 11.052819 ]], dtype=float32)], reward=-0.0023999999), transition(observation=array([ 0.0000000e+00,  1.0000000e+00,  0.0000000e+00,  0.0000000e+00,
        0.0000000e+00,  0.0000000e+00,  0.0000000e+00,  8.2618400e-02,
        0.0000000e+00,  0.0000000e+00,  1.0000000e+00,  0.0000000e+00,
        0.0000000e+00,  0.0000000e+00,  0.0000000e+00,  1.0108066e-02,
        0.0000000e+00,  0.0000000e+00,  1.0000000e+00,  0.0000000e+00,
        0.0000000e+00,  0.0000000e+00,  0.0000000e+00,  1.0068916e-02,
        9.7999954e+01, -3.4386650e-01, -2.1606526e+00,  3.2607300e+00,
        1.9999516e+01,  5.1678233e+00,  2.1567350e+01], dtype=float32), activation=[array([[ 4.9451447,  0.       , 16.44136  ,  0.       ,  0.       ,
         5.694289 ,  0.       , 17.247276 , 11.79858  ,  9.250311 ]],
      dtype=float32), array([[ 0.      , 12.190632,  0.      ,  0.      ,  0.      , 14.311801,
         3.234513,  0.      ,  0.      , 14.258325]], dtype=float32), array([[ 0.       ,  9.745397 , 19.945656 ,  5.2648273,  0.       ,
         0.       , 14.869532 ,  0.       ,  9.375386 ]], dtype=float32)], reward=-0.0023999999), transition(observation=array([ 0.0000000e+00,  1.0000000e+00,  0.0000000e+00,  0.0000000e+00,
        0.0000000e+00,  0.0000000e+00,  0.0000000e+00,  8.1676044e-02,
        0.0000000e+00,  0.0000000e+00,  1.0000000e+00,  0.0000000e+00,
        0.0000000e+00,  0.0000000e+00,  0.0000000e+00,  1.0107280e-02,
        0.0000000e+00,  0.0000000e+00,  1.0000000e+00,  0.0000000e+00,
        0.0000000e+00,  0.0000000e+00,  0.0000000e+00,  1.0068969e-02,
        9.7759949e+01, -3.1969762e-01, -2.5695858e+00,  3.0315471e+00,
        1.9999451e+01,  5.0216947e+00,  2.1754786e+01], dtype=float32), activation=[array([[ 4.340037 ,  0.       , 16.04904  ,  0.       ,  0.       ,
         5.3033876,  0.       , 17.983301 , 11.164209 ,  8.2264595]],
      dtype=float32), array([[ 0.       , 10.42485  ,  0.       ,  0.       ,  0.       ,
        12.738786 ,  3.0844958,  0.       ,  0.       , 14.903232 ]],
      dtype=float32), array([[ 0.       ,  7.3067856, 19.636189 ,  6.0513253,  0.       ,
         0.       , 12.167069 ,  0.       ,  7.8231363]], dtype=float32)], reward=-0.0023999999), transition(observation=array([ 0.0000000e+00,  1.0000000e+00,  0.0000000e+00,  0.0000000e+00,
        0.0000000e+00,  0.0000000e+00,  0.0000000e+00,  8.0799960e-02,
        0.0000000e+00,  0.0000000e+00,  1.0000000e+00,  0.0000000e+00,
        0.0000000e+00,  0.0000000e+00,  0.0000000e+00,  1.0106555e-02,
        0.0000000e+00,  0.0000000e+00,  1.0000000e+00,  0.0000000e+00,
        0.0000000e+00,  0.0000000e+00,  0.0000000e+00,  1.0069012e-02,
        9.7519943e+01, -2.9722741e-01, -2.9497766e+00,  2.8184724e+00,
        1.9999390e+01,  4.8521886e+00,  2.1929047e+01], dtype=float32), activation=[array([[ 3.786209 ,  0.       , 15.678899 ,  0.       ,  0.       ,
         4.9463243,  0.       , 18.67307  , 10.583677 ,  7.268558 ]],
      dtype=float32), array([[ 0.       ,  8.786188 ,  0.       ,  0.       ,  0.       ,
        11.285699 ,  2.9459946,  0.       ,  0.       , 15.507284 ]],
      dtype=float32), array([[ 0.       ,  5.0451336, 19.357288 ,  6.787803 ,  0.       ,
         0.       ,  9.660528 ,  0.       ,  6.3872676]], dtype=float32)], reward=-0.0023999999), transition(observation=array([ 0.0000000e+00,  1.0000000e+00,  0.0000000e+00,  0.0000000e+00,
        0.0000000e+00,  0.0000000e+00,  0.0000000e+00,  7.9985417e-02,
        0.0000000e+00,  0.0000000e+00,  1.0000000e+00,  0.0000000e+00,
        0.0000000e+00,  0.0000000e+00,  0.0000000e+00,  1.0105883e-02,
        0.0000000e+00,  0.0000000e+00,  1.0000000e+00,  0.0000000e+00,
        0.0000000e+00,  0.0000000e+00,  0.0000000e+00,  1.0069050e-02,
        9.7279938e+01, -2.7633655e-01, -3.3032455e+00,  2.6203737e+00,
        1.9999332e+01,  4.6609488e+00,  2.2091059e+01], dtype=float32), activation=[array([[ 3.2800589,  0.       , 15.329375 ,  0.       ,  0.       ,
         4.620723 ,  0.       , 19.319838 , 10.053202 ,  6.3719697]],
      dtype=float32), array([[ 0.        ,  7.2657123 ,  0.        ,  0.        ,  0.        ,
         9.944114  ,  2.8182008 ,  0.        ,  0.40283325, 16.073355  ]],
      dtype=float32), array([[ 0.       ,  2.2716358, 19.162958 ,  7.464645 ,  0.       ,
         0.       ,  7.8371773,  0.       ,  4.7639327]], dtype=float32)], reward=-0.0023999999), transition(observation=array([ 0.0000000e+00,  0.0000000e+00,  0.0000000e+00,  1.0000000e+00,
        0.0000000e+00,  0.0000000e+00,  0.0000000e+00,  1.6804843e-03,
        0.0000000e+00,  0.0000000e+00,  1.0000000e+00,  0.0000000e+00,
        0.0000000e+00,  0.0000000e+00,  0.0000000e+00,  1.0105249e-02,
        0.0000000e+00,  0.0000000e+00,  1.0000000e+00,  0.0000000e+00,
        0.0000000e+00,  0.0000000e+00,  0.0000000e+00,  1.0069093e-02,
        9.7039932e+01, -2.5691399e-01, -3.6318705e+00,  2.4361989e+00,
        1.9999281e+01,  4.4495025e+00,  2.2241686e+01], dtype=float32), activation=[array([[ 2.818234 ,  0.       , 14.999022 ,  0.       ,  0.       ,
         4.3243723,  0.       , 19.926628 ,  9.569261 ,  5.5323815]],
      dtype=float32), array([[ 0.       ,  5.8551097,  0.       ,  0.       ,  0.       ,
         8.706189 ,  2.7003593,  0.       ,  1.0100834, 16.604115 ]],
      dtype=float32), array([[ 0.       ,  0.       , 19.023542 ,  8.091589 ,  0.       ,
         0.       ,  6.437422 ,  0.       ,  3.0911567]], dtype=float32)], reward=-0.0023999999), transition(observation=array([ 0.0000000e+00,  0.0000000e+00,  0.0000000e+00,  1.0000000e+00,
        0.0000000e+00,  0.0000000e+00,  0.0000000e+00,  1.6804843e-03,
        0.0000000e+00,  0.0000000e+00,  1.0000000e+00,  0.0000000e+00,
        0.0000000e+00,  0.0000000e+00,  0.0000000e+00,  1.0105249e-02,
        0.0000000e+00,  0.0000000e+00,  1.0000000e+00,  0.0000000e+00,
        0.0000000e+00,  0.0000000e+00,  0.0000000e+00,  1.0069093e-02,
        1.0000000e+02, -9.5151983e-02,  1.3230801e-01,  8.9470387e-01,
        1.9999239e+01,  4.3833771e+00,  2.2308842e+01], dtype=float32), activation=[array([[ 1.3280436,  0.       , 14.633363 ,  0.       ,  0.       ,
         6.154949 ,  0.       , 21.216621 ,  8.596766 ,  4.485169 ]],
      dtype=float32), array([[ 0.       ,  6.3561363,  0.       ,  0.       ,  0.       ,
         7.6019015,  0.       ,  0.       ,  5.0738773, 18.762104 ]],
      dtype=float32), array([[ 0.       ,  0.       , 21.014732 ,  4.4461   ,  1.6508934,
         0.       , 11.27801  ,  0.       ,  0.7874118]], dtype=float32)], reward=3.9944)], success=True)]"
10,configs/basic/synergysimple-xor-all3/synergysimple-xor-6.yml,"[configuration(episode=0, buffer=[transition(observation=array([ 0.00000000e+00,  0.00000000e+00,  1.00000000e+00,  0.00000000e+00,
        0.00000000e+00,  0.00000000e+00,  0.00000000e+00,  9.04996619e-02,
        0.00000000e+00,  1.00000000e+00,  0.00000000e+00,  0.00000000e+00,
        0.00000000e+00,  0.00000000e+00,  0.00000000e+00,  1.00990655e-02,
        0.00000000e+00,  0.00000000e+00,  1.00000000e+00,  0.00000000e+00,
        0.00000000e+00,  0.00000000e+00,  0.00000000e+00,  1.00689912e-02,
        9.96799927e+01, -1.50787992e-06, -1.08824372e-01,  4.24621840e-06,
        2.00000019e+01,  5.48554373e+00,  2.00000076e+01], dtype=float32), activation=[array([[ 2.9971108,  0.       , 21.829082 ,  0.       ,  0.       ,
         9.349814 ,  0.       , 15.884299 ,  6.3101654,  8.778518 ]],
      dtype=float32), array([[ 0.      , 17.539606,  0.      ,  0.      ,  0.      , 11.484229,
         0.      ,  0.      , 13.470595, 14.788242]], dtype=float32), array([[10.385784,  0.      , 21.075312,  0.      ,  8.456063,  0.      ,
        36.229633,  0.      ,  0.      ]], dtype=float32)], reward=-0.0023999999), transition(observation=array([ 0.0000000e+00,  1.0000000e+00,  0.0000000e+00,  0.0000000e+00,
        0.0000000e+00,  0.0000000e+00,  0.0000000e+00,  4.8306324e-02,
        0.0000000e+00,  1.0000000e+00,  0.0000000e+00,  0.0000000e+00,
        0.0000000e+00,  0.0000000e+00,  0.0000000e+00,  1.0267851e-02,
        0.0000000e+00,  0.0000000e+00,  1.0000000e+00,  0.0000000e+00,
        0.0000000e+00,  0.0000000e+00,  0.0000000e+00,  1.0219392e-02,
        9.9439987e+01, -1.1699159e-04, -8.7548792e-04, -2.4912201e-04,
        2.0000055e+01,  5.4850059e+00,  2.0000021e+01], dtype=float32), activation=[array([[ 3.131402,  0.      , 21.859589,  0.      ,  0.      ,  9.371333,
         0.      , 15.742444,  6.34712 ,  8.871291]], dtype=float32), array([[ 0.      , 17.732294,  0.      ,  0.      ,  0.      , 11.633969,
         0.      ,  0.      , 13.353326, 14.629902]], dtype=float32), array([[10.581061,  0.      , 21.00633 ,  0.      ,  8.282916,  0.      ,
        36.394745,  0.      ,  0.      ]], dtype=float32)], reward=-0.0023999999), transition(observation=array([ 0.0000000e+00,  1.0000000e+00,  0.0000000e+00,  0.0000000e+00,
        0.0000000e+00,  0.0000000e+00,  0.0000000e+00,  4.8585121e-02,
        0.0000000e+00,  1.0000000e+00,  0.0000000e+00,  0.0000000e+00,
        0.0000000e+00,  0.0000000e+00,  0.0000000e+00,  1.0327109e-02,
        0.0000000e+00,  0.0000000e+00,  1.0000000e+00,  0.0000000e+00,
        0.0000000e+00,  0.0000000e+00,  0.0000000e+00,  1.0178723e-02,
        9.9199982e+01, -3.5724044e-04, -5.6549907e-05, -1.3782784e+00,
        1.9988462e+01,  5.4849992e+00,  1.9945669e+01], dtype=float32), activation=[array([[ 4.9805965,  0.       , 19.549212 ,  0.       ,  0.       ,
         6.5719957,  0.       , 16.167788 ,  6.7154264,  9.245123 ]],
      dtype=float32), array([[ 0.       , 14.306725 ,  0.       ,  0.       ,  0.       ,
        10.231559 ,  2.775894 ,  0.       ,  7.1210413, 12.909838 ]],
      dtype=float32), array([[ 0.       ,  0.       , 17.693462 ,  0.       ,  2.0256689,
         0.       , 24.554985 ,  0.       ,  1.2456102]], dtype=float32)], reward=-0.0023999999), transition(observation=array([ 0.0000000e+00,  1.0000000e+00,  0.0000000e+00,  0.0000000e+00,
        0.0000000e+00,  0.0000000e+00,  0.0000000e+00,  4.9257420e-02,
        0.0000000e+00,  1.0000000e+00,  0.0000000e+00,  0.0000000e+00,
        0.0000000e+00,  0.0000000e+00,  0.0000000e+00,  1.0470012e-02,
        0.0000000e+00,  0.0000000e+00,  1.0000000e+00,  0.0000000e+00,
        0.0000000e+00,  0.0000000e+00,  0.0000000e+00,  1.0035132e-02,
        9.8959976e+01, -2.7924776e-04, -6.6131353e-05, -2.6599274e+00,
        1.9960506e+01,  5.4849958e+00,  1.9814234e+01], dtype=float32), activation=[array([[ 5.4258146,  0.       , 19.936783 ,  0.       ,  0.       ,
         5.079174 ,  0.       , 17.342985 ,  4.058093 ,  7.7412553]],
      dtype=float32), array([[ 0.       , 11.08774  ,  0.       ,  0.       ,  0.       ,
         5.8108664,  5.52629  ,  0.       ,  9.179766 , 12.66259  ]],
      dtype=float32), array([[ 0.       ,  0.       , 15.213597 ,  2.960092 ,  5.0618434,
         0.       , 21.511093 ,  0.       ,  0.       ]], dtype=float32)], reward=-0.0023999999), transition(observation=array([ 0.0000000e+00,  1.0000000e+00,  0.0000000e+00,  0.0000000e+00,
        0.0000000e+00,  0.0000000e+00,  0.0000000e+00,  5.0295983e-02,
        0.0000000e+00,  1.0000000e+00,  0.0000000e+00,  0.0000000e+00,
        0.0000000e+00,  0.0000000e+00,  0.0000000e+00,  1.0690771e-02,
        0.0000000e+00,  0.0000000e+00,  1.0000000e+00,  0.0000000e+00,
        0.0000000e+00,  0.0000000e+00,  0.0000000e+00,  9.8138517e-03,
        9.8719971e+01, -2.0819902e-04, -3.6045909e-05, -3.8514702e+00,
        1.9917320e+01,  5.4849916e+00,  1.9611130e+01], dtype=float32), activation=[array([[ 5.8103313,  0.       , 20.304272 ,  0.       ,  0.       ,
         3.698439 ,  0.       , 18.41701  ,  1.5796952,  6.359977 ]],
      dtype=float32), array([[ 0.       ,  8.116145 ,  0.       ,  0.       ,  0.       ,
         1.7067395,  8.040521 ,  0.       , 11.127103 , 12.432402 ]],
      dtype=float32), array([[ 0.       ,  0.       , 12.918213 ,  6.03651  ,  7.9212565,
         0.       , 18.752697 ,  3.9907322,  0.       ]], dtype=float32)], reward=-0.0023999999), transition(observation=array([ 0.00000000e+00,  1.00000000e+00,  0.00000000e+00,  0.00000000e+00,
        0.00000000e+00,  0.00000000e+00,  0.00000000e+00,  1.12326794e-04,
        0.00000000e+00,  1.00000000e+00,  0.00000000e+00,  0.00000000e+00,
        0.00000000e+00,  0.00000000e+00,  0.00000000e+00,  1.06659178e-02,
        0.00000000e+00,  1.00000000e+00,  0.00000000e+00,  0.00000000e+00,
        0.00000000e+00,  0.00000000e+00,  0.00000000e+00,  1.09490019e-03,
        9.84799652e+01, -2.15606481e-01,  5.11556864e-05, -1.51690662e+00,
        1.98872528e+01,  5.48498821e+00,  1.94769535e+01], dtype=float32), activation=[array([[ 6.1394787,  0.       , 20.653858 ,  0.       ,  0.       ,
         2.4223185,  0.       , 19.396023 ,  0.       ,  5.0940185]],
      dtype=float32), array([[ 0.       ,  5.401908 ,  0.       ,  0.       ,  0.       ,
         0.       , 10.248311 ,  0.       , 12.132204 , 12.3811035]],
      dtype=float32), array([[ 0.       ,  0.       , 11.9346485, 10.058304 ,  9.686944 ,
         0.       , 16.144299 ,  8.379945 ,  0.       ]], dtype=float32)], reward=-0.0023999999), transition(observation=array([ 0.0000000e+00,  1.0000000e+00,  0.0000000e+00,  0.0000000e+00,
        0.0000000e+00,  0.0000000e+00,  0.0000000e+00,  2.0750932e-04,
        0.0000000e+00,  1.0000000e+00,  0.0000000e+00,  0.0000000e+00,
        0.0000000e+00,  0.0000000e+00,  0.0000000e+00,  1.0739996e-02,
        0.0000000e+00,  0.0000000e+00,  1.0000000e+00,  0.0000000e+00,
        0.0000000e+00,  0.0000000e+00,  0.0000000e+00,  9.3443152e-03,
        9.8239960e+01, -4.5843029e-01, -4.8818743e-01, -3.0532649e+00,
        1.9860750e+01,  5.4668398e+00,  1.9325468e+01], dtype=float32), activation=[array([[ 7.1701612,  0.       , 15.352521 ,  0.       ,  0.       ,
         1.836812 ,  0.       , 19.363646 ,  5.8827167,  6.5862947]],
      dtype=float32), array([[ 0.       ,  4.890494 ,  0.       ,  0.       ,  0.       ,
         4.3060994, 11.302907 ,  0.       ,  0.       , 12.325281 ]],
      dtype=float32), array([[ 0.        ,  7.3236465 , 12.405498  , 14.72359   ,  0.        ,
         4.657461  ,  2.3125257 ,  0.36840484,  0.        ]],
      dtype=float32)], reward=-0.0023999999), transition(observation=array([ 0.0000000e+00,  1.0000000e+00,  0.0000000e+00,  0.0000000e+00,
        0.0000000e+00,  0.0000000e+00,  0.0000000e+00,  1.3857882e-04,
        0.0000000e+00,  1.0000000e+00,  0.0000000e+00,  0.0000000e+00,
        0.0000000e+00,  0.0000000e+00,  0.0000000e+00,  1.3185027e-03,
        0.0000000e+00,  0.0000000e+00,  1.0000000e+00,  0.0000000e+00,
        0.0000000e+00,  0.0000000e+00,  0.0000000e+00,  9.2531089e-03,
        9.7999954e+01, -6.0198081e-01, -1.0146713e+00, -1.0683928e+00,
        1.9832918e+01,  5.4163189e+00,  1.9220037e+01], dtype=float32), activation=[array([[ 4.3639197,  0.       , 20.274925 ,  0.       ,  0.       ,
         2.430399 ,  0.       , 19.881767 ,  0.5049491,  4.421372 ]],
      dtype=float32), array([[ 0.       ,  4.1873817,  0.       ,  0.       ,  0.       ,
         0.       ,  8.115627 ,  0.       , 12.638193 , 13.746807 ]],
      dtype=float32), array([[ 0.      ,  0.      , 13.263269,  9.245011, 10.711914,  0.      ,
        15.396289,  8.079536,  0.      ]], dtype=float32)], reward=-0.0023999999), transition(observation=array([ 0.0000000e+00,  1.0000000e+00,  0.0000000e+00,  0.0000000e+00,
        0.0000000e+00,  0.0000000e+00,  0.0000000e+00,  1.1606249e-04,
        0.0000000e+00,  1.0000000e+00,  0.0000000e+00,  0.0000000e+00,
        0.0000000e+00,  0.0000000e+00,  0.0000000e+00,  1.1042582e-03,
        0.0000000e+00,  0.0000000e+00,  1.0000000e+00,  0.0000000e+00,
        0.0000000e+00,  0.0000000e+00,  0.0000000e+00,  9.1305710e-03,
        9.7759949e+01, -5.5967009e-01, -1.5041510e+00, -2.1504452e+00,
        1.9808722e+01,  5.3357005e+00,  1.9121035e+01], dtype=float32), activation=[array([[ 2.515091 ,  0.       , 19.335453 ,  0.       ,  0.       ,
         4.215476 ,  0.       , 18.883093 ,  4.0587754,  5.469831 ]],
      dtype=float32), array([[ 0.       ,  6.88972  ,  0.       ,  0.       ,  0.       ,
         3.823931 ,  3.2143693,  0.       , 10.493399 , 15.108204 ]],
      dtype=float32), array([[ 0.       ,  0.       , 16.474308 ,  3.936016 ,  7.8025823,
         0.       , 17.492353 ,  0.       ,  0.       ]], dtype=float32)], reward=-0.0023999999), transition(observation=array([ 0.0000000e+00,  1.0000000e+00,  0.0000000e+00,  0.0000000e+00,
        0.0000000e+00,  0.0000000e+00,  0.0000000e+00,  1.1606249e-04,
        0.0000000e+00,  1.0000000e+00,  0.0000000e+00,  0.0000000e+00,
        0.0000000e+00,  0.0000000e+00,  0.0000000e+00,  1.1042582e-03,
        0.0000000e+00,  0.0000000e+00,  1.0000000e+00,  0.0000000e+00,
        0.0000000e+00,  0.0000000e+00,  0.0000000e+00,  9.1305710e-03,
        0.0000000e+00, -5.9871656e-01, -1.6595426e+00, -1.4932493e+00,
        1.9801020e+01,  5.3025098e+00,  1.9089794e+01], dtype=float32), activation=[array([[ 1.9956533,  0.       , 19.19189  ,  0.       ,  0.       ,
         2.9554648,  0.       , 20.322443 ,  1.7763658,  3.5704615]],
      dtype=float32), array([[ 0.       ,  3.1962814,  0.       ,  0.       ,  0.       ,
         0.       ,  4.483472 ,  0.       , 12.725918 , 15.683743 ]],
      dtype=float32), array([[ 0.       ,  0.       , 15.108235 ,  6.722579 , 11.260484 ,
         0.       , 14.393104 ,  6.8877463,  0.       ]], dtype=float32)], reward=-1.0008)], success=False)]"
11,configs/basic/synergysimple-xor-all3/synergysimple-xor-7.yml,"[configuration(episode=0, buffer=[transition(observation=array([ 0.0000000e+00,  0.0000000e+00,  1.0000000e+00,  0.0000000e+00,
        0.0000000e+00,  0.0000000e+00,  0.0000000e+00,  9.0310879e-02,
        0.0000000e+00,  0.0000000e+00,  1.0000000e+00,  0.0000000e+00,
        0.0000000e+00,  0.0000000e+00,  0.0000000e+00,  1.0013735e-02,
        0.0000000e+00,  0.0000000e+00,  1.0000000e+00,  0.0000000e+00,
        0.0000000e+00,  0.0000000e+00,  0.0000000e+00,  1.0025395e-02,
        9.9679993e+01, -5.9693551e-04, -1.0882664e-01, -1.3369732e+00,
        1.9999971e+01,  5.4855447e+00,  1.9938608e+01], dtype=float32), activation=[array([[ 7.154521 ,  0.       , 21.27029  ,  0.       ,  0.       ,
         5.8758397,  0.       , 17.438686 ,  5.46967  ,  8.867233 ]],
      dtype=float32), array([[ 0.       , 13.669342 ,  0.       ,  0.       ,  0.       ,
         8.390429 ,  6.6209946,  0.       ,  7.8756146, 12.445353 ]],
      dtype=float32), array([[ 0.       ,  0.       , 16.210835 ,  3.233428 ,  2.7092612,
         0.       , 23.659903 ,  0.       ,  0.       ]], dtype=float32)], reward=-0.0023999999), transition(observation=array([ 0.0000000e+00,  1.0000000e+00,  0.0000000e+00,  0.0000000e+00,
        0.0000000e+00,  0.0000000e+00,  0.0000000e+00,  2.7393340e-04,
        0.0000000e+00,  1.0000000e+00,  0.0000000e+00,  0.0000000e+00,
        0.0000000e+00,  0.0000000e+00,  0.0000000e+00,  1.9181849e-03,
        0.0000000e+00,  0.0000000e+00,  1.0000000e+00,  0.0000000e+00,
        0.0000000e+00,  0.0000000e+00,  0.0000000e+00,  1.0025293e-02,
        9.9439987e+01,  1.4712553e-03, -9.1353059e-04, -2.5613744e+00,
        2.0000004e+01,  5.4850001e+00,  1.9809998e+01], dtype=float32), activation=[array([[ 7.734131 ,  0.       , 21.715366 ,  0.       ,  0.       ,
         4.461212 ,  0.       , 18.481564 ,  2.9370024,  7.5360265]],
      dtype=float32), array([[ 0.       , 10.77406  ,  0.       ,  0.       ,  0.       ,
         4.2651196,  9.414237 ,  0.       ,  9.766478 , 12.075904 ]],
      dtype=float32), array([[ 0.       ,  0.       , 13.763797 ,  6.495217 ,  5.466703 ,
         0.       , 20.904932 ,  0.2824802,  0.       ]], dtype=float32)], reward=-0.0023999999), transition(observation=array([ 0.0000000e+00,  0.0000000e+00,  1.0000000e+00,  0.0000000e+00,
        0.0000000e+00,  0.0000000e+00,  0.0000000e+00,  9.1962792e-02,
        0.0000000e+00,  0.0000000e+00,  1.0000000e+00,  0.0000000e+00,
        0.0000000e+00,  0.0000000e+00,  0.0000000e+00,  1.0013018e-02,
        0.0000000e+00,  0.0000000e+00,  1.0000000e+00,  0.0000000e+00,
        0.0000000e+00,  0.0000000e+00,  0.0000000e+00,  1.0025493e-02,
        9.9199982e+01,  1.2943452e-03, -4.4196844e-05, -3.7593732e+00,
        2.0000076e+01,  5.4849939e+00,  1.9608015e+01], dtype=float32), activation=[array([[ 5.7648296,  0.       , 20.284256 ,  0.       ,  0.       ,
         3.749384 ,  0.       , 18.494268 ,  1.8256493,  6.527354 ]],
      dtype=float32), array([[ 0.       ,  8.254401 ,  0.       ,  0.       ,  0.       ,
         2.0031981,  7.9331384,  0.       , 10.854667 , 12.553657 ]],
      dtype=float32), array([[ 0.       ,  0.       , 13.150041 ,  6.00859  ,  7.5646853,
         0.       , 18.670603 ,  3.474383 ,  0.       ]], dtype=float32)], reward=-0.0023999999), transition(observation=array([ 0.0000000e+00,  1.0000000e+00,  0.0000000e+00,  0.0000000e+00,
        0.0000000e+00,  0.0000000e+00,  0.0000000e+00,  5.1694107e-04,
        0.0000000e+00,  0.0000000e+00,  1.0000000e+00,  0.0000000e+00,
        0.0000000e+00,  0.0000000e+00,  0.0000000e+00,  1.0013252e-02,
        0.0000000e+00,  0.0000000e+00,  1.0000000e+00,  0.0000000e+00,
        0.0000000e+00,  0.0000000e+00,  0.0000000e+00,  1.0025805e-02,
        9.8959976e+01,  1.2714955e-03, -1.9154078e-01, -4.9885473e+00,
        2.0000143e+01,  5.4811568e+00,  1.9335220e+01], dtype=float32), activation=[array([[ 8.59833  ,  0.       , 22.520819 ,  0.       ,  0.       ,
         1.9079895,  0.       , 20.340406 ,  0.       ,  5.109979 ]],
      dtype=float32), array([[ 0.       ,  5.5474997,  0.       ,  0.       ,  0.       ,
         0.       , 14.042777 ,  0.       , 11.430069 , 11.848816 ]],
      dtype=float32), array([[ 0.       ,  0.       , 11.18458  , 14.039752 ,  8.496531 ,
         3.2469318, 15.098254 ,  9.963661 ,  0.       ]], dtype=float32)], reward=-0.0023999999), transition(observation=array([ 0.0000000e+00,  1.0000000e+00,  0.0000000e+00,  0.0000000e+00,
        0.0000000e+00,  0.0000000e+00,  0.0000000e+00,  1.4750633e-03,
        0.0000000e+00,  0.0000000e+00,  1.0000000e+00,  0.0000000e+00,
        0.0000000e+00,  0.0000000e+00,  0.0000000e+00,  1.0013528e-02,
        0.0000000e+00,  0.0000000e+00,  1.0000000e+00,  0.0000000e+00,
        0.0000000e+00,  0.0000000e+00,  0.0000000e+00,  1.0026115e-02,
        9.8719971e+01,  1.1821275e-03, -7.3887473e-01, -5.1957517e+00,
        2.0000216e+01,  5.4475937e+00,  1.9015747e+01], dtype=float32), activation=[array([[10.168094 ,  0.       , 20.305813 ,  0.       ,  0.       ,
         0.       ,  0.       , 22.238802 ,  0.       ,  3.7321656]],
      dtype=float32), array([[ 0.       ,  1.3744594,  0.       ,  0.       ,  0.       ,
         0.       , 18.278309 ,  0.       ,  7.4326015, 11.794233 ]],
      dtype=float32), array([[ 0.       ,  0.       , 10.264167 , 22.946056 ,  4.756041 ,
        12.7803545,  5.246696 , 12.391872 ,  0.       ]], dtype=float32)], reward=-0.0023999999), transition(observation=array([ 0.0000000e+00,  1.0000000e+00,  0.0000000e+00,  0.0000000e+00,
        0.0000000e+00,  0.0000000e+00,  0.0000000e+00,  2.3939372e-03,
        0.0000000e+00,  0.0000000e+00,  1.0000000e+00,  0.0000000e+00,
        0.0000000e+00,  0.0000000e+00,  0.0000000e+00,  1.0013777e-02,
        0.0000000e+00,  0.0000000e+00,  1.0000000e+00,  0.0000000e+00,
        0.0000000e+00,  0.0000000e+00,  0.0000000e+00,  1.0026418e-02,
        9.8479965e+01,  1.0990407e-03, -1.2477390e+00, -4.8305640e+00,
        2.0000284e+01,  5.3827415e+00,  1.8718727e+01], dtype=float32), activation=[array([[ 9.070532 ,  0.       , 19.933891 ,  0.       ,  0.       ,
         0.       ,  0.       , 22.951296 ,  0.       ,  2.6646807]],
      dtype=float32), array([[ 0.      ,  0.      ,  0.      ,  0.      ,  0.      ,  0.      ,
        16.989092,  0.      ,  8.238331, 12.942819]], dtype=float32), array([[ 0.       ,  0.       , 11.400184 , 23.15778  ,  6.121475 ,
        12.710072 ,  4.6583734, 12.639211 ,  0.       ]], dtype=float32)], reward=-0.0023999999), transition(observation=array([ 0.0000000e+00,  1.0000000e+00,  0.0000000e+00,  0.0000000e+00,
        0.0000000e+00,  0.0000000e+00,  0.0000000e+00,  3.3039676e-03,
        0.0000000e+00,  0.0000000e+00,  1.0000000e+00,  0.0000000e+00,
        0.0000000e+00,  0.0000000e+00,  0.0000000e+00,  1.0014014e-02,
        0.0000000e+00,  0.0000000e+00,  1.0000000e+00,  0.0000000e+00,
        0.0000000e+00,  0.0000000e+00,  0.0000000e+00,  1.0026688e-02,
        9.8239960e+01,  1.0217938e-03, -1.7208372e+00, -4.4910440e+00,
        2.0000347e+01,  5.2887998e+00,  1.8442585e+01], dtype=float32), activation=[array([[ 7.8614836,  0.       , 19.414234 ,  0.       ,  0.       ,
         0.       ,  0.       , 23.119059 ,  0.       ,  2.2657778]],
      dtype=float32), array([[ 0.      ,  0.      ,  0.      ,  0.      ,  0.      ,  0.      ,
        15.541695,  0.      ,  8.759279, 13.649567]], dtype=float32), array([[ 0.       ,  0.       , 12.156173 , 21.734837 ,  6.7866464,
        11.121744 ,  5.2943287, 12.161098 ,  0.       ]], dtype=float32)], reward=-0.0023999999), transition(observation=array([ 0.0000000e+00,  1.0000000e+00,  0.0000000e+00,  0.0000000e+00,
        0.0000000e+00,  0.0000000e+00,  0.0000000e+00,  4.2463462e-03,
        0.0000000e+00,  0.0000000e+00,  1.0000000e+00,  0.0000000e+00,
        0.0000000e+00,  0.0000000e+00,  0.0000000e+00,  1.0014241e-02,
        0.0000000e+00,  0.0000000e+00,  1.0000000e+00,  0.0000000e+00,
        0.0000000e+00,  0.0000000e+00,  0.0000000e+00,  1.0026937e-02,
        9.7999954e+01,  9.4997627e-04, -2.1606832e+00, -4.1753869e+00,
        2.0000404e+01,  5.1678128e+00,  1.8185850e+01], dtype=float32), activation=[array([[ 6.746214 ,  0.       , 18.925793 ,  0.       ,  0.       ,
         0.       ,  0.       , 23.280416 ,  0.       ,  1.8889097]],
      dtype=float32), array([[ 0.      ,  0.      ,  0.      ,  0.      ,  0.      ,  0.      ,
        14.206081,  0.      ,  9.236609, 14.306726]], dtype=float32), array([[ 0.       ,  0.       , 12.857601 , 20.423462 ,  7.3958592,
         9.656281 ,  5.8756084, 11.719554 ,  0.       ]], dtype=float32)], reward=-0.0023999999), transition(observation=array([ 0.0000000e+00,  1.0000000e+00,  0.0000000e+00,  0.0000000e+00,
        0.0000000e+00,  0.0000000e+00,  0.0000000e+00,  5.2734343e-03,
        0.0000000e+00,  0.0000000e+00,  1.0000000e+00,  0.0000000e+00,
        0.0000000e+00,  0.0000000e+00,  0.0000000e+00,  1.0014450e-02,
        0.0000000e+00,  0.0000000e+00,  1.0000000e+00,  0.0000000e+00,
        0.0000000e+00,  0.0000000e+00,  0.0000000e+00,  1.0027169e-02,
        9.7759949e+01,  8.8320643e-04, -2.5696139e+00, -3.8819165e+00,
        2.0000458e+01,  5.0216827e+00,  1.7947161e+01], dtype=float32), activation=[array([[ 5.71816  ,  0.       , 18.46643  ,  0.       ,  0.       ,
         0.       ,  0.       , 23.435747 ,  0.       ,  1.5325445]],
      dtype=float32), array([[ 0.      ,  0.      ,  0.      ,  0.      ,  0.      ,  0.      ,
        12.97442 ,  0.      ,  9.673407, 14.917726]], dtype=float32), array([[ 0.       ,  0.       , 13.508254 , 19.215822 ,  7.9530725,
         8.305073 ,  6.4060936, 11.312019 ,  0.       ]], dtype=float32)], reward=-0.0023999999), transition(observation=array([ 0.0000000e+00,  1.0000000e+00,  0.0000000e+00,  0.0000000e+00,
        0.0000000e+00,  0.0000000e+00,  0.0000000e+00,  6.3762595e-03,
        0.0000000e+00,  0.0000000e+00,  1.0000000e+00,  0.0000000e+00,
        0.0000000e+00,  0.0000000e+00,  0.0000000e+00,  1.0014636e-02,
        0.0000000e+00,  0.0000000e+00,  1.0000000e+00,  0.0000000e+00,
        0.0000000e+00,  0.0000000e+00,  0.0000000e+00,  1.0027393e-02,
        9.7519943e+01,  8.2112954e-04, -2.9498029e+00, -3.6090729e+00,
        2.0000509e+01,  4.8521752e+00,  1.7725248e+01], dtype=float32), activation=[array([[ 4.7712374,  0.       , 18.03419  ,  0.       ,  0.       ,
         0.       ,  0.       , 23.58538  ,  0.       ,  1.1952537]],
      dtype=float32), array([[ 0.      ,  0.      ,  0.      ,  0.      ,  0.      ,  0.      ,
        11.83944 ,  0.      , 10.072544, 15.485726]], dtype=float32), array([[ 0.      ,  0.      , 14.111633, 18.104647,  8.461979,  7.060129,
         6.889403, 10.936121,  0.      ]], dtype=float32)], reward=-0.0023999999), transition(observation=array([ 0.0000000e+00,  1.0000000e+00,  0.0000000e+00,  0.0000000e+00,
        0.0000000e+00,  0.0000000e+00,  0.0000000e+00,  7.4078394e-03,
        0.0000000e+00,  0.0000000e+00,  1.0000000e+00,  0.0000000e+00,
        0.0000000e+00,  0.0000000e+00,  0.0000000e+00,  1.0014820e-02,
        0.0000000e+00,  0.0000000e+00,  1.0000000e+00,  0.0000000e+00,
        0.0000000e+00,  0.0000000e+00,  0.0000000e+00,  1.0027591e-02,
        9.7279938e+01,  7.6341582e-04, -3.3032699e+00, -3.3554063e+00,
        2.0000555e+01,  4.6609340e+00,  1.7518932e+01], dtype=float32), activation=[array([[ 3.8997383 ,  0.        , 17.627157  ,  0.        ,  0.        ,
         0.        ,  0.        , 23.729727  ,  0.        ,  0.87569267]],
      dtype=float32), array([[ 0.      ,  0.      ,  0.      ,  0.      ,  0.      ,  0.      ,
        10.794347,  0.      , 10.43667 , 16.013756]], dtype=float32), array([[ 0.       ,  0.       , 14.671065 , 17.083147 ,  8.925972 ,
         5.9139767,  7.328851 , 10.589634 ,  0.       ]], dtype=float32)], reward=-0.0023999999), transition(observation=array([ 0.0000000e+00,  1.0000000e+00,  0.0000000e+00,  0.0000000e+00,
        0.0000000e+00,  0.0000000e+00,  0.0000000e+00,  8.3669117e-03,
        0.0000000e+00,  0.0000000e+00,  1.0000000e+00,  0.0000000e+00,
        0.0000000e+00,  0.0000000e+00,  0.0000000e+00,  1.0014985e-02,
        0.0000000e+00,  0.0000000e+00,  1.0000000e+00,  0.0000000e+00,
        0.0000000e+00,  0.0000000e+00,  0.0000000e+00,  1.0027782e-02,
        9.7039932e+01,  7.0975855e-04, -3.6318932e+00, -3.1195688e+00,
        2.0000599e+01,  4.4494863e+00,  1.7327118e+01], dtype=float32), activation=[array([[ 3.0982504,  0.       , 17.243347 ,  0.       ,  0.       ,
         0.       ,  0.       , 23.86939  ,  0.       ,  0.5725816]],
      dtype=float32), array([[ 0.      ,  0.      ,  0.      ,  0.      ,  0.      ,  0.      ,
         9.832721,  0.      , 10.768177, 16.504827]], dtype=float32), array([[ 0.       ,  0.       , 15.189809 , 16.144981 ,  9.348116 ,
         4.8595695,  7.727394 , 10.270447 ,  0.       ]], dtype=float32)], reward=-0.0023999999), transition(observation=array([ 0.0000000e+00,  1.0000000e+00,  0.0000000e+00,  0.0000000e+00,
        0.0000000e+00,  0.0000000e+00,  0.0000000e+00,  8.3669117e-03,
        0.0000000e+00,  0.0000000e+00,  1.0000000e+00,  0.0000000e+00,
        0.0000000e+00,  0.0000000e+00,  0.0000000e+00,  1.0014985e-02,
        0.0000000e+00,  0.0000000e+00,  1.0000000e+00,  0.0000000e+00,
        0.0000000e+00,  0.0000000e+00,  0.0000000e+00,  1.0027782e-02,
        1.0000000e+02,  8.7412843e-04,  1.3581705e-01, -2.0576332e+00,
        2.0000620e+01,  4.4644713e+00,  1.7286768e+01], dtype=float32), activation=[array([[ 2.361847  ,  0.        , 16.881119  ,  0.        ,  0.        ,
         0.        ,  0.        , 24.00472   ,  0.        ,  0.28475982]],
      dtype=float32), array([[ 0.       ,  0.       ,  0.       ,  0.       ,  0.0511702,
         0.       ,  8.948692 ,  0.       , 11.069359 , 16.961557 ]],
      dtype=float32), array([[ 0.       ,  0.       , 15.665355 , 15.325941 ,  9.682954 ,
         3.8734748,  8.078848 ,  9.985355 ,  0.       ]], dtype=float32)], reward=3.9952002)], success=True)]"
